20 25
36 14 10 59 39 82 64 52 41 40 50 66 27 83 91 13 41 71 56 10 84 83 79 31 98 
36 47 66 89 55 94 42 52 31 90 4 15 30 78 53 95 82 28 29 4 14 75 4 22 75 
5 15 67 90 51 11 85 23 36 74 81 59 89 36 25 91 8 76 81 43 10 56 37 11 23 
16 55 82 7 66 1 64 35 95 82 37 73 92 37 50 20 3 70 16 91 31 10 44 56 45 
69 64 56 98 24 2 53 90 36 73 73 14 12 28 61 2 99 28 2 32 68 47 37 63 32 
58 93 100 2 40 8 54 72 97 50 94 7 99 64 66 46 55 64 29 11 60 57 48 11 70 
57 90 96 8 58 21 65 72 11 81 35 37 43 31 27 51 35 72 71 83 79 67 84 92 33 
40 100 17 75 38 45 28 31 85 82 52 90 38 68 52 98 74 34 65 42 95 14 80 58 63 
91 93 77 45 29 3 33 75 75 46 55 56 58 38 84 63 39 90 33 50 28 89 45 76 85 
14 4 86 41 37 68 67 46 19 85 5 56 66 78 62 58 70 48 91 24 92 81 21 39 3 
81 33 45 60 61 82 51 81 68 92 44 65 35 91 9 67 49 37 15 7 79 86 14 18 92 
72 93 90 26 3 24 70 45 64 93 74 85 74 85 81 52 8 36 21 55 66 99 67 42 58 
65 12 61 25 25 1 51 98 16 85 68 36 46 51 94 75 25 83 44 60 67 61 17 87 90 
56 49 63 27 92 34 88 4 52 90 31 6 45 90 61 16 17 74 93 97 53 54 41 7 49 
54 64 43 65 84 24 9 9 67 66 27 50 18 16 11 5 50 66 67 83 57 66 42 11 28 
64 19 30 62 1 30 38 3 42 88 61 73 90 44 43 89 45 4 80 84 79 90 87 50 5 
59 73 5 91 19 88 13 85 33 38 11 55 34 64 30 77 24 90 44 28 93 30 66 37 68 
59 15 80 90 26 31 98 79 24 95 77 65 16 90 49 44 77 72 43 88 4 60 72 13 9 
50 71 45 44 51 87 61 70 90 2 90 62 28 73 31 98 18 68 70 57 98 99 13 35 13 
34 48 96 99 69 91 83 23 96 62 4 47 86 89 65 31 8 22 66 15 10 30 83 14 6 
