150 200
20 93 96 28 83 18 1 68 98 73 16 18 2 42 32 64 85 20 6 99 76 89 77 80 26 23 31 61 83 27 49 34 59 22 100 59 64 76 77 39 90 5 59 98 45 75 60 13 56 37 83 58 86 87 48 44 31 56 88 44 62 43 30 24 38 40 52 52 71 63 49 21 47 52 77 75 12 11 89 93 41 31 24 59 97 1 7 94 67 88 84 94 14 99 92 77 1 63 7 61 47 23 98 75 94 48 14 40 15 16 33 7 22 45 100 19 18 78 36 42 22 94 59 6 34 76 78 37 63 13 7 40 54 31 65 11 65 93 78 29 61 94 48 69 93 35 6 66 83 47 24 43 99 1 84 15 5 37 53 44 81 19 3 90 66 100 23 62 1 11 20 20 60 97 35 53 87 42 79 69 27 9 36 73 62 45 84 19 85 100 76 50 7 42 5 32 64 31 13 97 
22 69 52 71 47 43 82 81 24 45 78 60 88 16 73 83 11 89 65 8 38 71 35 100 62 47 60 65 57 86 94 83 48 81 28 38 85 28 70 57 14 51 55 75 53 21 77 10 50 83 26 56 15 8 84 45 46 66 69 38 48 80 37 96 29 91 46 53 34 88 49 97 70 4 91 65 87 18 46 86 19 69 87 89 62 56 13 1 30 83 93 2 94 43 83 54 94 82 60 44 27 34 35 9 51 31 23 32 87 7 18 60 16 28 78 35 5 2 86 79 37 36 7 53 22 24 18 8 61 32 14 69 98 23 9 31 51 32 52 37 94 84 21 21 87 59 63 6 76 54 14 87 65 3 29 10 100 24 32 76 71 96 88 19 35 17 48 17 18 36 58 21 59 32 14 9 9 57 1 60 30 30 56 63 96 75 30 51 56 42 87 50 78 40 25 64 30 72 3 2 
83 39 10 86 90 91 98 100 27 93 21 50 92 4 35 26 90 82 4 76 64 94 34 39 28 92 81 97 20 70 58 67 39 65 53 34 22 78 98 31 69 67 96 1 21 91 37 17 48 27 10 94 61 11 16 1 57 98 74 77 89 80 65 8 97 15 8 12 72 35 23 29 52 89 38 98 55 54 42 58 25 63 80 82 73 13 18 70 8 5 32 33 11 47 25 50 12 86 7 76 78 48 18 7 82 61 78 64 27 26 51 4 50 19 14 65 66 95 78 4 78 29 62 98 51 65 11 95 27 91 19 77 68 97 51 76 63 9 5 29 8 80 54 1 32 92 34 24 13 82 10 13 40 74 79 41 6 18 88 71 58 80 45 61 17 64 62 76 48 45 83 34 55 36 47 90 87 26 52 26 49 62 24 53 78 77 24 96 91 88 90 22 50 84 27 47 91 65 31 67 
43 2 61 9 98 80 69 11 74 87 72 98 15 40 77 97 9 55 16 18 4 35 22 42 65 67 82 25 91 97 48 65 17 97 16 22 51 42 9 50 94 1 62 13 94 43 91 29 20 50 46 49 25 76 18 100 68 79 49 58 12 13 54 24 75 34 83 98 35 70 64 77 38 70 16 44 41 87 50 99 2 3 3 92 46 11 72 72 10 28 62 26 48 92 15 18 26 54 35 33 87 8 35 67 7 29 25 86 19 89 5 56 87 55 45 78 2 98 42 15 3 43 96 44 99 72 23 35 86 10 41 7 49 59 91 20 40 74 4 62 17 18 32 40 95 48 36 61 19 61 62 28 55 64 94 96 64 91 50 41 46 28 7 70 41 44 68 22 86 100 7 25 21 6 63 47 21 69 85 9 8 81 61 27 46 41 1 64 57 60 72 89 72 91 20 78 96 88 99 65 
53 54 98 27 66 83 99 62 92 12 14 21 70 79 60 49 2 63 42 91 6 99 68 92 83 43 2 4 42 77 46 20 80 38 99 93 91 83 9 9 38 100 67 22 96 12 21 24 33 21 5 49 79 24 41 2 33 18 6 69 69 90 48 97 55 57 33 97 48 34 84 98 9 27 40 58 1 39 90 95 90 73 74 67 92 14 46 93 62 90 66 82 63 37 41 18 80 13 95 50 23 4 12 77 54 83 7 97 18 16 11 71 61 71 20 26 8 73 53 72 88 52 19 76 42 54 25 57 73 12 27 53 26 93 31 14 50 48 16 36 38 61 88 83 12 91 85 62 54 27 48 42 48 6 67 96 35 46 42 6 81 94 34 36 95 74 58 83 73 65 14 80 22 41 99 3 92 89 2 78 18 92 18 37 50 37 78 60 2 12 47 47 90 7 28 63 82 28 92 39 
82 52 95 62 14 63 26 46 13 64 55 77 12 13 95 58 53 43 45 34 36 2 63 42 70 10 5 83 63 66 36 5 70 84 95 57 73 24 37 16 40 12 91 21 88 5 24 81 92 2 89 73 59 14 85 76 89 56 71 9 7 47 87 19 54 23 96 53 30 89 58 76 28 16 20 73 99 92 26 2 82 38 77 29 14 46 57 40 72 100 62 68 58 100 70 47 71 28 27 6 54 33 50 72 34 9 52 85 74 43 14 21 9 3 14 23 10 14 67 95 28 90 12 31 87 98 63 72 68 81 9 8 24 54 90 88 23 52 82 90 95 88 86 35 10 84 17 44 1 60 50 9 61 5 93 27 43 84 67 94 49 12 19 94 60 7 9 51 43 30 6 23 71 37 1 63 7 53 62 42 42 34 20 7 26 76 6 6 57 43 69 56 79 36 81 77 12 41 72 96 
54 33 3 17 26 90 60 10 35 42 92 16 50 86 64 84 59 60 78 96 70 9 73 91 79 41 23 80 59 16 21 59 63 44 50 79 8 64 92 52 21 49 26 46 6 79 17 60 17 83 37 60 22 31 41 84 56 9 75 68 98 99 86 53 94 99 68 6 8 1 62 25 14 4 7 58 32 33 53 33 11 54 38 27 28 30 67 11 7 46 4 16 54 45 88 72 84 67 46 52 79 72 62 61 52 54 80 53 89 72 37 36 86 38 68 95 6 75 3 3 31 26 58 31 16 41 25 98 48 82 61 59 65 20 3 18 93 90 98 37 6 86 25 2 85 87 12 91 38 78 69 78 96 55 65 65 46 47 31 3 11 77 38 68 99 24 32 76 70 3 65 80 61 58 63 78 94 45 26 7 69 100 30 5 91 45 90 91 99 30 38 72 31 59 80 93 62 26 63 82 
46 91 53 23 34 22 75 9 52 86 17 58 48 3 24 22 1 21 67 50 80 84 12 20 2 79 24 74 23 93 53 83 100 58 83 90 43 66 19 63 16 93 85 41 78 51 14 71 47 67 79 80 50 33 35 59 81 44 6 26 2 69 99 60 86 35 54 79 70 70 60 60 98 78 74 88 22 73 98 97 69 95 77 15 39 56 91 69 1 13 72 55 49 76 83 14 52 96 2 31 9 53 6 39 59 68 21 100 71 53 10 78 77 56 48 77 55 12 33 91 63 2 47 74 85 71 36 98 55 94 3 4 38 35 78 41 13 77 23 52 1 67 6 18 71 88 34 28 37 50 61 85 53 1 39 64 59 41 75 13 47 20 89 25 63 57 70 72 83 100 55 25 76 11 19 60 56 14 7 93 98 61 76 7 35 81 59 13 33 53 38 98 7 80 54 47 60 8 96 46 
76 62 25 35 4 86 98 71 18 65 77 43 75 51 38 21 11 94 31 66 2 74 93 38 60 39 20 31 16 5 77 57 61 5 33 69 31 4 29 95 79 20 21 55 56 49 14 23 96 3 15 5 21 58 29 38 68 63 25 91 55 56 78 32 93 87 51 11 68 54 95 8 35 39 71 33 67 92 88 3 82 34 21 81 14 34 55 99 53 24 20 18 70 1 55 32 81 7 64 16 44 17 28 55 62 11 75 34 24 61 77 84 96 22 88 61 35 10 98 53 57 25 3 83 60 53 97 86 89 38 21 66 30 59 12 35 12 19 76 98 15 2 13 43 62 85 25 91 35 12 47 56 71 91 64 17 13 15 97 37 15 45 5 39 44 59 89 23 52 15 43 63 85 68 23 17 47 67 34 61 100 47 89 79 54 63 20 21 91 26 28 4 40 34 70 91 9 100 21 31 
80 11 53 63 12 95 94 34 97 61 21 2 13 87 29 28 84 26 38 41 92 46 8 75 54 24 2 80 16 41 6 24 56 87 3 25 83 37 48 44 99 88 42 10 60 83 75 76 33 72 20 27 65 53 54 97 39 59 89 80 64 32 94 68 4 8 59 70 3 7 25 59 12 27 22 64 98 59 4 91 57 4 44 14 87 67 41 10 64 78 5 48 70 72 87 19 59 65 80 51 63 82 31 29 63 32 81 58 60 1 1 48 2 21 20 24 98 66 14 59 4 100 62 76 88 4 92 53 1 29 63 97 58 96 27 55 40 50 3 32 81 46 26 20 18 36 79 13 99 32 63 9 60 52 57 34 15 5 89 89 88 80 85 20 79 70 17 35 14 24 39 90 56 9 44 19 26 72 83 1 88 71 67 99 33 81 71 56 88 25 32 73 87 5 95 89 27 52 100 60 
11 1 47 30 20 16 19 45 70 46 39 28 30 86 76 67 33 88 51 63 95 95 39 32 56 17 54 30 4 84 53 82 4 78 71 51 32 18 64 40 40 78 68 50 56 6 40 36 42 80 53 31 70 85 63 53 21 15 47 18 48 49 68 54 22 7 87 43 8 24 68 31 92 78 14 92 66 64 75 7 98 74 89 24 49 27 15 43 26 39 53 38 13 1 95 82 50 62 64 77 17 28 75 39 4 79 63 10 64 94 74 85 95 77 92 32 56 63 56 71 50 12 75 14 28 83 9 12 48 10 75 50 74 39 79 51 11 96 11 19 30 84 96 96 17 92 74 3 40 13 25 81 99 26 87 10 67 56 18 46 69 51 48 62 77 34 47 89 90 26 72 57 82 98 39 94 62 22 17 75 5 89 93 87 2 2 79 39 77 83 26 96 47 7 58 44 25 64 46 33 
19 97 86 92 95 94 71 54 20 47 16 96 46 21 61 74 21 66 79 29 16 87 20 23 89 5 74 97 40 52 97 61 42 35 13 39 26 92 36 53 47 78 64 67 75 52 87 9 9 97 6 60 93 95 18 59 16 73 92 40 31 27 81 44 21 75 34 69 63 72 59 24 77 42 17 35 5 23 8 5 46 17 54 46 75 66 16 26 48 10 29 10 59 53 40 17 97 59 15 40 74 84 55 90 60 4 18 95 34 21 48 3 21 96 54 98 81 60 45 56 2 18 8 81 23 81 69 94 38 99 24 29 41 89 94 16 20 20 100 5 79 24 21 28 73 54 98 67 77 82 79 43 1 25 81 70 64 63 89 77 79 53 63 72 1 51 96 69 25 62 20 25 43 44 73 46 57 44 90 91 97 96 18 30 79 12 7 23 47 96 48 62 62 7 59 5 57 29 98 97 
8 30 76 71 50 23 26 6 72 23 47 65 62 96 69 22 79 38 26 17 8 46 43 52 58 78 94 11 37 54 87 7 70 97 64 20 99 65 59 59 14 2 29 75 57 95 80 98 29 66 78 47 65 48 69 48 3 53 5 33 27 83 31 75 93 32 12 37 75 64 59 51 11 32 60 81 34 65 69 87 84 45 89 22 9 63 3 75 94 46 64 60 100 8 80 39 82 96 28 19 16 17 35 5 6 24 34 59 17 68 70 16 44 94 58 69 83 20 62 3 95 98 22 11 76 34 91 1 58 92 42 60 97 70 47 64 90 19 24 87 87 21 24 45 76 57 47 79 38 47 35 83 3 39 41 73 15 41 25 92 61 72 32 75 9 60 1 28 5 92 10 20 100 21 43 18 69 86 53 45 71 20 8 40 23 49 10 21 93 31 36 23 2 9 30 56 65 55 33 1 
88 10 17 17 15 87 8 46 90 1 94 26 11 40 100 32 74 18 45 92 10 91 44 77 85 66 42 38 100 53 58 59 66 57 39 84 32 81 44 68 64 76 30 78 90 12 82 69 18 20 16 43 55 44 33 42 74 69 79 15 35 9 9 98 58 71 93 37 94 37 60 47 33 98 47 20 67 52 16 7 56 61 60 9 84 2 89 97 51 19 88 1 1 53 28 21 54 31 82 32 68 18 52 69 67 33 78 60 65 31 80 45 49 36 80 12 79 30 71 15 76 7 10 40 92 6 50 1 30 92 13 79 74 41 81 49 44 62 58 34 1 9 14 44 11 36 71 12 9 73 39 98 58 27 66 16 32 81 30 53 83 50 30 31 30 62 40 42 81 77 78 77 53 34 98 35 51 54 53 18 94 32 49 80 70 77 20 79 81 8 78 10 9 96 47 86 46 41 81 94 
95 78 93 65 10 82 25 84 56 49 43 79 12 91 79 21 81 23 13 23 100 26 35 16 34 21 96 95 13 37 50 84 41 40 76 25 63 21 53 27 73 2 89 34 89 1 40 73 45 61 69 59 5 42 78 19 52 82 31 55 53 24 98 11 57 3 7 38 91 19 30 58 83 62 82 73 56 58 21 98 85 68 72 14 77 63 55 83 39 7 85 3 72 46 64 15 59 55 1 52 39 76 83 55 95 51 62 11 77 62 41 23 68 18 28 67 54 41 59 54 22 56 44 86 50 18 30 45 55 17 72 95 14 81 21 65 74 59 45 27 11 48 27 17 17 72 54 72 53 4 27 73 71 91 88 5 44 25 38 3 66 97 98 95 42 94 59 56 39 27 87 98 83 24 34 28 70 23 54 67 86 81 32 6 99 1 25 13 87 64 79 100 69 40 58 36 56 34 17 95 
64 76 56 20 39 54 74 31 54 12 12 38 23 19 94 89 47 31 66 86 4 58 13 21 63 36 19 78 78 31 2 13 19 38 55 23 51 93 29 6 51 92 64 45 98 86 75 52 96 56 1 31 90 64 100 10 92 70 4 43 83 68 9 57 40 33 65 19 45 11 44 58 49 99 75 37 62 94 60 70 59 40 63 62 92 14 53 80 48 52 83 38 90 66 15 6 2 8 54 23 67 6 71 3 74 24 42 52 29 54 100 10 8 63 88 77 36 17 18 33 12 15 27 85 71 45 13 29 76 64 99 77 19 28 85 13 43 74 14 6 5 45 82 56 33 21 46 89 67 89 70 57 37 72 73 35 82 41 28 78 80 11 75 1 41 64 58 20 90 82 92 10 1 50 46 53 98 22 80 67 69 25 43 83 62 21 12 33 42 79 22 24 9 98 13 23 8 99 55 36 
8 26 27 38 15 23 42 89 90 74 39 81 5 17 65 14 54 91 68 31 36 26 23 8 73 3 42 46 48 49 84 51 79 78 93 80 54 5 36 48 89 63 63 55 29 70 59 3 14 11 23 82 71 58 7 58 13 82 6 88 99 31 62 87 92 45 84 67 52 5 14 36 40 21 62 55 30 72 34 55 100 31 73 28 91 23 12 99 52 67 69 47 54 26 25 4 16 3 42 67 71 79 45 19 4 58 75 69 44 52 74 33 76 78 19 54 37 32 23 17 95 88 92 17 9 34 89 9 4 55 13 3 88 27 56 100 36 48 61 71 92 91 99 28 13 73 10 2 17 74 20 78 67 37 11 36 74 98 51 97 82 43 68 13 44 7 36 94 24 48 88 56 10 54 14 89 94 69 25 68 58 68 62 40 23 73 46 12 40 42 97 21 10 24 41 40 86 3 99 37 
81 75 86 29 75 100 6 5 18 9 48 51 5 15 20 58 72 31 83 47 88 30 71 35 35 55 6 85 98 12 31 62 60 91 61 31 27 73 20 63 85 57 95 64 17 38 3 98 64 23 69 66 16 99 61 22 52 17 59 82 51 89 100 28 27 84 79 89 55 63 42 97 29 28 56 36 46 97 11 15 6 27 14 89 74 87 55 54 44 48 71 36 26 35 46 49 18 13 6 60 36 74 4 19 32 95 2 63 46 54 50 21 46 31 51 97 16 15 48 2 60 99 75 33 63 97 63 86 77 12 11 72 22 62 54 97 29 91 1 42 90 43 82 47 35 5 95 27 79 59 66 33 94 11 13 57 24 57 2 23 30 41 34 2 88 35 12 22 85 37 53 79 20 87 41 42 11 21 39 75 5 59 14 59 43 64 14 27 25 97 46 93 12 42 12 46 66 12 34 2 
82 72 55 15 72 100 98 69 12 57 66 67 4 81 81 46 92 36 100 81 50 57 72 29 50 24 9 40 17 10 33 31 24 27 67 48 75 65 96 7 56 32 91 5 25 97 65 58 19 7 25 54 2 53 31 46 2 80 64 17 25 7 82 30 87 45 25 89 91 52 22 86 7 10 21 31 57 81 99 45 79 56 65 7 81 15 3 3 6 26 65 75 14 79 72 53 100 76 76 91 96 24 54 87 14 39 86 43 50 42 1 34 97 68 96 16 82 29 35 63 42 74 51 7 41 45 21 3 71 25 95 49 71 37 31 98 61 91 100 96 90 54 54 65 97 37 39 80 12 57 75 16 7 24 71 18 4 47 67 13 77 39 32 64 90 76 97 46 81 58 4 100 39 20 9 60 87 29 89 25 60 36 94 83 96 5 45 87 91 3 10 14 97 9 89 63 68 34 95 10 
31 65 24 25 27 46 86 98 26 74 68 61 20 4 41 29 27 53 21 44 19 40 26 47 50 1 95 64 74 97 15 17 32 68 27 43 94 23 92 54 53 3 41 6 35 7 33 45 39 31 20 27 40 85 3 77 84 44 69 53 44 74 63 96 24 20 65 73 30 3 40 29 76 4 18 83 7 60 23 26 86 72 74 17 18 55 42 11 37 21 12 49 90 99 74 75 8 39 99 25 13 34 14 75 64 58 85 64 20 15 58 19 25 60 92 27 37 18 8 77 50 73 46 50 85 7 96 8 93 15 9 70 27 97 84 58 94 13 65 41 94 7 98 76 61 10 78 49 78 13 94 20 91 13 39 93 78 40 45 66 48 34 40 36 65 62 89 87 14 45 44 74 12 9 70 80 62 70 89 59 53 47 59 58 16 16 8 27 36 55 79 20 1 52 21 37 84 11 55 5 
61 81 84 76 10 53 70 15 31 43 4 23 10 76 67 51 100 80 63 35 20 96 15 21 85 20 68 41 30 36 66 25 81 23 40 45 43 59 74 74 46 3 48 48 93 100 15 64 13 40 24 66 12 80 65 11 24 90 12 87 43 24 55 35 34 24 21 42 96 11 21 65 8 20 4 48 85 74 29 76 30 100 6 49 77 97 3 43 92 23 2 50 89 89 72 27 62 1 32 90 38 13 56 53 89 99 98 58 51 86 27 60 68 79 31 74 46 99 90 27 16 24 98 48 65 93 24 81 27 87 48 7 10 86 32 51 56 30 50 52 51 25 26 92 85 64 94 97 8 78 85 22 73 76 3 83 24 93 6 90 66 57 68 46 92 5 17 10 78 26 62 70 24 15 79 22 74 48 72 1 22 91 61 61 75 68 25 4 68 37 88 2 61 20 15 72 26 75 76 59 
85 31 31 16 30 36 58 71 85 62 56 89 37 97 62 79 87 15 76 96 17 8 3 49 33 22 64 15 61 9 65 63 82 81 27 88 88 65 71 70 42 77 98 15 41 24 45 65 8 57 66 7 21 2 5 18 61 33 2 23 50 39 52 52 10 29 69 66 1 87 25 68 12 79 74 6 58 10 99 35 20 33 43 66 93 98 11 83 99 49 42 99 31 1 50 10 24 5 60 28 5 7 30 21 1 90 64 81 1 14 38 55 20 32 28 27 14 82 3 11 35 79 43 70 40 51 97 50 86 16 59 25 30 33 91 53 48 54 75 31 62 91 37 81 14 1 9 64 55 21 28 29 86 61 24 35 79 79 30 51 66 1 74 93 75 43 57 1 72 7 83 31 79 42 37 9 40 67 18 73 19 71 61 10 12 100 14 92 66 34 2 62 35 95 97 53 38 73 12 72 
36 2 69 21 82 39 88 61 23 1 31 23 74 42 66 27 4 4 28 16 88 51 69 60 11 19 6 22 5 26 38 67 7 38 88 13 66 16 40 25 85 90 56 65 72 82 89 44 15 92 82 24 6 28 28 81 96 2 81 74 44 35 15 4 36 58 55 33 88 65 15 82 62 34 46 82 2 92 41 93 12 45 90 83 71 94 85 33 5 15 58 100 53 68 31 2 87 98 32 97 33 3 26 21 90 81 92 63 99 56 10 31 10 82 89 16 15 28 4 9 93 95 48 2 33 92 80 67 90 77 73 97 49 69 84 8 68 2 20 17 35 17 61 88 38 75 29 54 9 62 77 13 81 18 13 65 19 87 53 11 35 36 1 38 6 27 85 67 69 53 33 81 60 48 37 25 18 26 43 97 71 57 59 32 85 85 10 14 55 93 7 96 49 82 39 3 5 92 64 76 
36 84 50 23 69 19 23 31 26 70 92 70 21 62 62 38 48 88 32 7 68 46 60 17 2 25 8 33 49 47 45 93 43 46 46 33 64 85 7 81 61 37 68 70 69 11 96 36 27 52 58 50 94 53 31 51 23 14 94 12 84 33 12 31 17 82 32 97 93 56 39 46 58 27 64 88 20 41 92 30 5 26 58 40 9 51 97 64 8 63 16 58 76 11 27 31 18 7 4 78 20 65 88 8 38 98 22 51 28 98 14 73 75 93 99 97 40 3 20 71 29 78 64 24 56 79 97 57 19 12 86 83 17 7 66 60 29 6 61 58 57 93 35 25 25 11 39 11 25 48 14 87 21 40 31 1 90 83 31 19 82 16 23 27 47 4 25 17 49 21 96 20 68 45 74 50 65 85 55 33 11 62 64 4 69 24 30 22 76 1 36 23 34 72 13 29 50 99 48 69 
1 1 93 5 95 49 21 57 70 53 40 36 75 66 22 40 42 68 52 8 65 64 70 85 9 21 57 69 52 43 46 57 43 67 63 73 12 26 71 69 23 4 53 70 71 34 46 93 81 97 17 60 64 76 81 37 90 49 31 14 89 43 68 37 84 14 63 97 90 65 88 71 12 82 89 11 1 52 69 7 5 32 66 74 62 30 44 95 59 49 11 35 85 57 93 20 11 32 5 51 78 24 49 14 88 33 5 53 29 25 20 30 52 64 84 8 81 74 43 35 89 53 91 92 82 72 55 3 10 85 99 47 75 71 2 68 13 84 89 21 18 39 17 43 22 13 99 35 4 47 10 34 8 17 32 21 83 46 12 52 61 24 87 85 35 95 49 51 49 27 92 26 55 17 55 50 78 52 59 21 23 75 71 54 77 25 69 89 82 37 79 23 20 90 48 52 13 26 10 79 
77 88 87 52 30 80 23 52 47 1 5 90 67 33 1 86 19 32 39 50 92 42 53 71 52 16 45 60 63 8 62 92 84 67 30 2 74 66 28 71 69 46 99 95 17 92 24 98 15 38 86 14 65 15 13 75 6 63 89 73 18 36 19 6 72 98 56 67 11 46 54 67 23 94 100 10 53 15 6 100 51 89 68 63 23 9 15 21 21 5 34 54 100 84 49 3 69 85 38 77 51 46 37 24 31 31 53 17 39 65 98 96 14 51 22 28 16 89 25 3 38 74 13 62 97 68 41 52 66 7 100 40 30 21 100 58 90 47 77 26 59 46 26 94 47 88 36 93 15 21 76 59 19 81 48 90 21 29 67 43 84 44 97 61 8 81 39 28 23 98 85 58 36 33 89 36 39 1 93 25 87 52 48 10 20 89 84 91 12 49 10 10 44 75 99 17 55 78 95 98 
3 61 48 3 3 12 38 46 19 20 8 6 39 30 55 92 37 4 33 10 16 58 18 83 9 72 91 67 95 89 17 39 28 36 44 54 87 78 75 12 50 49 49 39 62 18 27 11 63 34 19 12 35 97 78 92 51 14 64 14 37 95 24 13 94 43 79 74 13 86 28 89 41 22 79 30 98 15 77 85 11 16 50 72 33 69 66 79 51 86 35 91 70 90 67 48 88 19 63 8 23 80 12 98 90 88 32 40 53 17 66 23 63 81 46 99 89 28 14 89 15 4 78 29 94 5 48 89 19 1 69 62 72 10 67 64 75 77 21 75 55 83 82 10 43 71 23 14 61 13 86 55 15 24 36 63 26 98 70 16 81 25 26 34 52 83 28 8 77 1 46 57 34 53 17 9 35 4 96 52 46 77 7 16 3 35 81 94 21 21 81 25 50 30 66 63 34 53 93 61 
50 46 89 14 74 43 18 26 79 44 94 11 26 80 4 23 18 94 12 35 29 23 84 73 33 88 42 8 17 36 85 43 71 97 77 63 99 6 28 74 98 63 71 11 58 71 28 36 33 98 13 26 72 2 4 29 30 99 50 80 9 91 6 49 52 78 85 15 98 73 88 11 33 17 32 54 91 99 32 71 18 1 32 54 97 43 32 43 24 79 12 86 26 67 24 14 74 66 74 28 56 58 59 20 49 88 17 9 5 30 17 45 34 42 20 86 47 43 60 63 50 75 59 71 71 20 20 69 41 24 6 28 55 39 17 22 81 12 34 11 9 100 25 89 46 43 70 43 30 15 33 69 80 20 86 63 53 47 11 8 48 43 83 95 25 53 6 42 96 7 76 65 97 46 27 21 92 78 8 95 54 58 22 70 62 74 17 94 100 85 16 74 24 6 18 51 43 16 5 74 
54 12 49 72 55 55 26 64 38 41 76 79 59 20 15 47 11 57 3 84 77 36 55 75 2 57 96 9 41 57 68 36 7 81 45 24 65 10 97 17 45 94 38 35 84 82 21 88 75 41 72 19 13 96 43 55 46 54 2 87 43 78 6 25 30 15 29 39 29 47 78 73 48 44 39 78 78 62 14 31 31 30 11 23 80 15 82 67 16 47 50 28 6 46 45 77 20 97 10 46 19 77 28 94 2 89 89 1 58 75 13 81 86 25 78 90 5 49 34 70 15 16 31 73 46 47 61 59 76 41 74 28 58 31 75 81 8 80 82 26 23 91 59 36 74 86 74 22 22 31 53 94 56 68 71 76 43 51 64 26 22 68 29 83 67 23 48 42 2 68 81 88 67 99 98 2 22 12 81 8 9 18 14 15 70 87 91 27 27 31 18 46 66 42 89 52 50 64 7 80 
86 62 50 15 51 64 92 93 77 44 83 38 53 63 61 14 30 7 13 20 62 71 74 33 58 58 21 11 25 73 73 52 28 78 64 15 38 51 97 71 84 19 62 97 53 51 80 35 88 37 92 76 1 51 46 49 64 39 69 58 89 46 36 64 11 15 18 15 26 75 59 4 15 12 18 71 90 66 44 91 86 71 1 6 75 13 94 61 97 38 49 42 15 98 6 47 4 13 72 25 67 39 76 25 85 36 79 42 51 64 14 57 32 5 22 97 9 9 18 93 54 28 65 78 78 69 26 61 85 59 23 84 74 53 18 11 23 87 65 96 88 52 44 95 56 97 9 93 71 32 62 11 87 55 84 65 14 27 29 68 14 43 7 32 17 64 48 26 81 61 14 19 26 65 13 51 12 14 53 51 32 32 93 97 58 97 30 15 77 4 89 96 78 31 73 22 96 63 76 25 
16 23 74 56 41 82 30 42 9 55 86 84 100 40 54 63 19 100 60 69 11 58 19 80 50 60 89 76 23 86 37 23 13 84 63 19 21 93 64 9 56 73 26 5 14 35 1 36 56 23 79 50 57 14 51 98 41 65 8 57 79 6 29 2 43 95 14 100 2 68 61 72 59 16 17 90 85 71 51 23 17 53 20 75 57 88 36 90 37 59 91 29 92 11 15 91 28 86 71 95 28 38 50 15 15 30 66 100 44 68 1 59 28 45 7 14 42 19 73 11 59 48 97 27 15 41 27 74 98 65 62 80 92 73 55 33 5 70 18 69 34 48 2 99 77 20 72 71 100 76 78 58 80 2 32 36 67 62 43 10 83 72 57 77 53 14 45 39 89 43 97 25 58 23 75 16 22 26 83 89 9 80 57 50 23 64 99 10 46 15 90 83 18 65 29 62 76 90 5 5 
59 48 3 86 23 38 18 100 91 40 18 14 20 57 54 9 51 14 61 45 90 47 72 39 4 38 60 52 10 57 39 23 70 52 38 64 47 24 20 7 91 2 34 84 63 90 15 70 80 82 23 14 11 38 37 92 48 16 22 86 35 56 23 53 46 10 24 20 85 26 56 35 89 65 20 48 10 78 93 22 62 30 94 21 15 29 90 41 93 67 34 10 25 39 60 9 3 34 49 97 15 84 42 11 73 48 3 80 9 40 2 14 46 56 20 46 5 85 21 1 98 63 86 65 40 2 70 89 5 60 7 46 7 63 28 11 35 24 32 83 15 50 59 40 33 61 50 59 24 44 14 44 34 62 84 26 64 8 100 70 45 69 5 82 100 7 53 80 11 12 61 99 59 47 17 16 49 22 61 25 85 21 13 30 38 60 48 5 98 16 40 46 55 4 54 21 35 53 74 12 
96 10 90 38 45 28 26 51 87 88 53 90 44 41 24 31 6 66 74 7 53 29 29 54 10 76 98 11 57 20 48 86 62 85 76 91 63 10 5 56 40 43 49 17 65 71 72 59 28 95 52 37 62 84 38 87 8 84 23 72 79 55 23 26 20 69 71 64 11 31 84 93 80 17 61 17 8 82 40 20 49 21 24 48 71 19 1 13 3 71 32 88 84 48 19 45 41 40 4 5 33 58 31 93 19 84 26 48 41 69 35 19 35 69 69 7 9 56 98 25 8 81 84 18 10 2 92 33 94 96 37 20 58 61 56 61 67 24 81 96 59 2 19 38 68 29 66 70 51 12 5 4 60 2 28 25 57 18 50 26 69 75 92 9 82 16 21 88 86 44 91 70 9 62 64 9 97 16 8 95 23 83 6 50 57 61 14 37 32 21 19 5 57 74 64 1 44 25 60 73 
23 56 12 96 71 63 39 99 97 14 56 55 46 20 42 84 77 76 91 9 52 71 31 45 88 56 99 49 38 31 97 42 83 63 37 34 47 82 50 52 53 14 23 11 20 50 72 40 75 66 20 54 64 76 85 68 13 53 15 98 99 59 70 82 16 48 26 7 66 3 22 16 15 80 30 15 8 98 58 78 41 69 90 71 12 71 53 35 36 49 84 29 33 16 28 43 18 57 18 1 97 76 13 98 26 19 46 51 69 18 37 9 3 1 73 68 46 1 40 41 46 91 14 56 33 79 49 55 60 77 62 57 43 8 82 40 38 39 57 58 65 91 85 95 34 32 29 52 68 82 66 61 23 37 86 79 43 85 40 61 44 87 31 25 28 5 28 95 13 24 77 88 27 66 93 92 82 97 79 42 91 41 14 63 76 77 86 1 18 70 95 19 94 5 37 50 49 20 96 22 
29 64 32 63 87 96 27 55 7 11 57 78 16 64 65 29 25 31 76 45 45 67 18 71 87 58 36 58 86 98 77 44 2 6 23 35 9 80 25 58 66 75 3 86 1 79 91 67 93 39 80 35 86 20 43 14 38 29 7 81 11 32 47 59 20 28 28 48 77 62 74 56 57 41 29 30 10 23 94 48 74 54 64 3 56 1 76 57 93 91 56 75 68 100 42 21 80 40 82 46 25 69 87 86 91 27 100 57 34 94 23 10 96 17 19 3 1 13 77 63 67 82 47 85 98 79 71 74 35 99 49 19 14 47 24 94 11 95 5 96 76 5 81 65 98 96 11 76 28 14 37 81 31 30 8 98 60 40 36 67 12 38 15 52 58 96 67 56 89 23 11 90 62 31 51 22 24 89 78 1 63 55 45 18 60 85 78 26 66 32 57 64 77 21 96 5 30 15 24 71 
9 42 89 26 57 85 1 38 99 3 84 99 6 41 14 13 81 77 6 18 88 7 98 82 100 25 54 7 76 20 2 93 87 92 78 86 62 39 91 52 78 45 64 82 84 43 30 25 99 65 96 62 96 59 74 81 86 9 9 83 9 38 59 26 22 9 35 85 31 92 92 13 32 46 54 13 44 86 66 94 21 20 9 67 64 77 87 14 79 36 40 57 53 54 82 51 95 82 83 6 84 32 18 87 93 89 83 63 35 1 11 5 90 9 19 41 18 35 35 66 19 46 79 14 41 34 89 17 51 19 76 6 40 6 23 83 7 94 19 96 37 24 76 27 59 79 54 13 66 55 28 39 80 63 85 34 73 23 23 47 78 53 85 27 62 68 71 46 46 56 32 49 65 41 20 98 54 35 64 32 17 37 11 15 42 77 97 8 96 65 4 80 67 40 48 52 92 73 9 57 
60 45 47 72 79 34 76 9 59 19 46 98 44 67 59 85 81 43 70 69 3 87 87 35 72 37 82 60 70 82 81 40 48 43 52 45 86 33 94 49 10 29 2 41 42 8 98 81 31 72 4 68 4 31 79 79 69 68 16 15 43 37 41 33 72 74 48 2 6 32 15 65 64 54 14 42 97 10 32 6 25 18 24 22 32 19 64 74 24 95 58 24 4 93 8 58 47 29 87 97 83 23 35 41 6 50 79 14 73 56 58 45 96 78 60 36 33 61 81 49 80 57 60 6 42 49 90 10 24 65 97 77 61 82 46 24 54 78 29 71 58 96 60 1 15 23 71 40 30 22 52 8 29 93 11 41 48 14 56 72 51 89 45 59 96 100 16 62 95 66 49 82 1 16 49 20 51 2 56 45 57 14 44 88 27 58 62 30 7 34 55 45 75 74 20 91 19 99 40 49 
99 77 50 52 50 43 92 92 57 44 20 52 68 19 97 80 98 96 41 56 10 92 83 7 3 19 67 90 38 57 67 59 62 10 100 83 56 66 86 57 30 85 31 87 30 56 93 28 13 90 88 22 73 31 3 79 21 10 88 1 37 70 100 30 42 43 77 87 9 22 56 12 12 20 85 88 42 93 98 41 36 85 21 40 16 96 52 8 70 84 79 15 69 1 23 17 66 21 6 81 8 76 41 43 14 87 27 76 30 10 86 53 77 36 38 30 85 57 16 39 24 29 91 16 6 92 73 83 45 81 79 28 19 50 43 33 24 7 73 65 51 59 17 79 81 65 85 76 31 23 53 85 62 53 18 43 90 63 18 36 43 13 92 96 33 20 71 98 87 58 58 15 100 37 75 74 35 86 95 62 29 76 17 100 81 98 59 28 20 72 67 66 40 9 72 69 68 24 5 67 
75 82 55 58 73 20 16 83 16 98 15 80 53 4 24 25 70 51 46 96 33 54 23 5 47 3 39 70 25 12 75 6 33 52 20 77 90 92 100 99 37 26 88 27 21 100 26 15 78 92 24 38 64 95 16 5 9 74 58 45 2 25 63 5 36 18 97 64 76 14 50 34 15 45 53 44 85 90 12 80 11 11 27 62 84 6 61 89 84 100 76 7 10 32 32 6 78 50 57 66 31 31 81 23 25 65 56 26 94 52 73 46 54 17 25 70 86 25 71 40 68 70 20 30 18 56 35 31 80 77 94 45 26 58 13 42 65 100 54 66 59 66 25 89 75 22 93 87 65 44 57 66 22 42 37 84 39 23 18 69 96 86 22 61 58 98 32 6 4 52 1 90 91 99 40 96 52 10 73 15 88 91 9 9 5 89 96 83 80 31 53 78 57 50 12 95 18 9 35 7 
35 99 4 65 96 35 90 80 61 34 7 76 37 68 11 91 46 52 8 58 37 36 23 9 95 41 42 82 45 71 6 89 94 88 85 92 44 81 84 83 39 15 62 84 99 49 42 23 69 50 82 93 8 99 46 41 16 9 95 17 56 54 3 74 90 8 38 21 68 69 34 80 9 62 86 20 66 42 31 85 41 70 4 44 9 20 37 69 57 46 97 58 66 29 41 47 86 25 6 50 24 44 1 57 42 69 36 43 48 60 69 26 87 55 85 59 1 6 10 99 49 43 15 26 41 57 72 82 8 59 66 57 35 23 5 21 16 25 18 100 60 70 86 13 39 23 15 31 88 21 62 4 52 97 85 56 95 94 16 88 85 11 49 12 19 45 18 68 75 44 52 34 44 23 67 98 19 83 77 45 78 10 88 4 35 14 26 9 6 17 5 68 97 63 2 72 13 21 10 19 
79 99 77 54 65 30 28 96 34 32 80 19 89 46 83 85 23 84 39 51 43 20 60 20 51 20 82 50 4 14 6 55 3 100 53 53 53 44 78 12 39 18 78 71 87 44 20 66 21 64 34 100 30 24 52 23 97 2 50 87 4 43 87 59 17 81 22 49 41 76 90 79 46 100 93 96 60 37 1 76 32 37 70 40 41 78 22 13 66 76 20 3 83 19 71 41 97 48 60 15 32 17 34 22 7 60 85 74 40 70 19 86 37 88 26 96 6 9 15 83 26 71 58 36 42 29 75 96 51 58 98 30 83 44 93 32 62 48 26 77 20 86 28 100 89 9 74 78 67 97 71 95 84 90 79 84 59 100 38 42 71 33 9 42 45 72 21 71 11 68 22 30 99 24 40 50 28 21 15 36 64 41 32 5 86 100 32 71 93 40 77 55 6 29 61 12 25 43 37 60 
95 29 21 69 21 2 80 20 70 26 6 24 28 97 10 60 56 66 64 94 57 20 57 16 40 19 19 43 42 93 38 84 41 35 20 4 84 61 9 4 1 36 5 5 40 26 80 33 47 2 73 81 93 57 64 10 2 99 23 57 79 5 10 68 53 79 34 13 86 86 97 32 58 46 89 61 82 34 13 65 83 85 76 64 46 2 44 97 72 64 20 30 82 29 76 96 78 3 14 82 96 31 34 11 9 66 12 64 51 4 65 29 12 26 57 71 67 34 99 57 77 22 10 36 91 40 8 80 90 65 28 66 31 83 53 76 56 3 77 59 69 91 48 55 52 71 60 57 42 1 69 76 53 22 91 85 96 30 55 77 97 67 33 26 4 56 82 98 24 55 39 64 63 28 61 97 34 9 20 54 65 41 15 55 38 24 78 54 37 37 56 80 4 89 33 81 9 65 82 64 
29 17 54 24 83 13 21 99 18 62 49 88 61 20 52 85 47 58 52 87 51 28 43 81 94 71 68 19 80 20 33 13 16 98 15 14 76 97 53 7 86 1 18 26 21 33 74 3 98 48 12 97 60 14 23 52 43 27 81 20 12 2 46 82 34 78 94 84 9 85 84 46 44 5 76 96 41 19 6 21 29 1 3 69 9 85 28 45 34 93 22 82 26 86 78 20 4 93 78 66 61 46 8 40 16 21 59 57 62 33 93 24 54 71 45 15 44 16 32 60 13 2 75 5 44 36 29 82 72 8 9 28 60 96 9 38 12 68 58 16 94 24 54 40 60 100 84 61 34 46 78 83 77 69 75 3 37 33 21 60 95 45 82 6 48 67 54 90 77 64 31 51 21 4 4 77 52 48 76 97 73 98 42 18 1 83 72 2 45 75 21 32 33 69 13 42 20 52 82 68 
71 35 65 32 2 87 32 69 50 71 71 90 91 91 86 71 79 31 61 25 76 34 78 23 25 6 3 30 98 79 79 27 12 69 99 14 92 91 32 60 69 81 73 98 100 43 6 27 53 31 1 62 60 14 75 40 95 34 88 90 38 51 23 20 64 45 49 3 43 29 50 4 56 35 67 55 78 39 71 12 98 33 33 34 50 63 58 4 67 100 25 28 32 100 53 68 10 90 45 6 17 75 99 8 55 46 33 77 34 72 62 96 75 40 13 27 84 8 80 40 34 50 87 87 64 5 75 62 44 19 40 12 65 3 86 43 57 38 73 97 56 51 3 24 24 69 16 35 55 42 73 31 68 17 84 23 62 95 40 68 45 36 9 93 34 65 22 12 49 35 58 58 99 42 20 4 70 59 1 86 90 18 33 76 17 49 86 95 35 91 67 5 42 59 24 1 53 32 67 74 
84 53 6 9 27 49 46 75 47 22 25 24 71 67 3 87 60 59 58 20 80 87 31 77 79 25 26 77 6 5 2 45 46 36 90 95 75 23 51 86 54 14 53 41 39 87 66 90 56 67 74 41 83 17 50 91 29 72 57 22 58 49 44 30 38 46 10 46 68 56 31 22 19 44 24 41 53 61 9 66 13 56 65 53 40 5 60 30 69 44 27 5 66 28 58 6 49 48 43 25 5 17 33 40 12 59 12 58 12 2 5 53 32 43 61 94 56 77 66 98 35 18 64 68 88 62 77 65 56 8 42 65 17 83 9 89 47 48 29 12 38 59 76 47 74 29 78 16 21 80 9 73 37 68 73 93 73 96 82 3 88 96 95 18 8 64 75 18 5 89 19 50 33 82 95 4 17 84 100 74 67 88 15 39 65 82 29 48 27 9 95 45 76 50 67 10 6 27 70 87 
70 67 24 81 43 85 89 65 49 95 56 78 19 67 11 10 39 23 59 33 12 80 61 38 24 75 26 36 54 91 71 71 78 75 48 86 1 20 76 72 16 64 48 2 6 23 92 66 35 57 81 31 99 82 83 75 80 59 30 23 92 12 61 6 43 24 66 73 85 70 45 46 29 59 80 60 45 52 57 58 24 50 75 39 45 11 4 69 85 61 81 78 18 41 61 92 21 19 41 49 92 39 54 65 13 95 79 98 65 26 49 68 59 11 91 5 6 63 59 67 69 56 82 30 13 12 39 5 85 86 49 34 77 95 96 37 62 20 43 21 42 26 16 30 89 12 23 51 94 34 68 38 71 47 23 63 54 52 24 96 32 58 88 12 45 82 77 35 100 61 78 77 15 47 39 74 92 68 27 60 22 88 62 67 11 43 26 75 13 18 16 90 100 68 40 5 27 44 48 84 
6 66 42 71 28 21 33 73 74 34 18 21 23 56 8 2 50 81 61 56 35 46 17 57 35 29 53 18 65 96 75 20 91 12 71 45 80 77 27 60 16 41 85 9 54 63 50 1 42 50 16 44 8 26 50 76 4 45 86 26 61 71 16 17 50 76 75 89 2 21 81 74 85 28 76 88 34 53 28 87 49 74 8 65 30 14 94 9 25 70 63 54 22 14 92 64 98 50 71 35 61 44 48 93 40 3 62 55 19 62 57 14 35 71 77 97 85 4 19 22 79 6 87 90 62 69 82 61 79 84 52 40 4 68 77 43 42 4 62 73 44 69 23 28 21 95 81 50 60 32 59 26 100 59 8 92 25 4 60 69 29 95 46 22 75 45 49 69 93 54 9 58 100 56 92 31 19 45 77 47 3 49 28 60 21 4 49 53 78 38 45 23 33 68 37 65 23 68 12 91 
8 61 36 55 13 2 56 1 46 61 66 98 12 13 85 90 70 64 70 79 15 49 11 38 80 88 19 9 28 67 4 5 4 18 94 26 51 25 62 74 13 61 1 29 12 4 59 2 90 29 1 99 53 23 32 53 60 81 78 26 53 62 57 9 26 76 82 85 44 15 46 36 22 93 78 41 94 51 64 93 49 69 9 69 42 6 26 37 59 81 7 89 85 12 55 74 13 32 58 41 59 55 3 83 92 52 16 34 58 15 52 22 63 75 82 68 3 86 38 37 83 78 26 71 12 75 22 17 1 47 44 87 79 57 56 81 51 35 100 22 36 77 44 59 43 5 16 7 51 36 63 76 80 17 60 52 28 95 76 17 1 30 22 22 92 10 54 94 15 38 46 88 83 7 64 68 41 83 68 10 31 93 42 94 59 27 19 3 48 9 13 13 33 55 70 75 76 85 77 73 
17 14 45 89 54 26 93 73 43 15 31 25 18 75 27 34 59 96 67 27 64 70 15 37 5 35 9 5 19 4 61 50 5 66 86 29 33 3 66 63 58 82 27 48 57 60 99 28 14 49 15 45 75 71 20 74 30 35 58 49 71 34 96 86 83 40 31 83 85 78 58 76 82 28 46 75 34 35 18 50 18 87 60 96 99 34 75 7 26 28 5 27 95 13 96 81 23 4 54 89 79 24 31 58 9 7 4 9 93 45 90 77 72 95 62 95 11 81 78 43 88 66 22 89 49 70 38 71 50 60 73 86 26 81 25 46 66 78 99 58 69 30 70 7 69 76 72 22 36 16 9 81 17 89 99 5 41 81 47 89 50 46 5 61 86 33 84 83 77 17 72 72 14 17 49 28 34 28 51 51 45 71 93 67 9 4 42 68 73 78 47 89 61 86 81 50 96 83 34 63 
57 13 57 2 29 36 99 92 68 48 98 6 65 93 100 3 25 62 83 29 65 93 81 55 87 48 6 1 65 43 22 80 57 42 79 57 61 56 9 70 74 33 55 90 43 22 46 95 79 19 40 6 73 28 77 37 67 83 11 86 44 99 77 99 63 68 50 21 27 67 58 68 96 64 91 70 18 95 8 71 36 47 93 82 30 2 72 20 90 21 10 82 49 5 9 36 55 34 90 73 25 2 34 36 1 41 28 24 93 13 98 36 45 34 20 56 91 92 26 57 83 45 58 9 22 5 7 83 97 65 38 99 32 74 1 93 100 78 13 45 7 26 40 52 23 75 19 29 36 81 93 33 87 46 26 45 16 24 55 87 53 81 15 47 54 50 50 24 34 82 18 28 86 65 37 51 16 35 93 39 72 95 30 76 47 73 36 49 58 89 43 23 63 10 54 32 66 61 94 31 
56 33 66 72 60 100 60 52 78 9 51 2 33 60 52 11 81 29 98 47 67 49 82 71 63 94 41 1 39 7 54 47 39 17 78 22 74 65 80 57 17 7 54 95 96 34 18 79 72 91 91 20 52 52 53 62 3 6 83 21 32 42 6 100 4 32 89 95 79 33 53 84 8 74 74 22 93 2 29 53 86 51 24 92 73 39 81 67 14 79 2 46 37 37 49 22 80 65 92 76 74 56 27 75 41 99 31 8 4 86 23 34 22 53 62 23 85 20 78 28 16 3 63 97 74 51 61 11 37 3 36 3 21 64 80 83 93 41 36 73 51 79 36 7 31 47 33 30 70 82 19 58 6 16 25 64 68 52 70 26 36 40 98 72 52 23 34 10 22 87 9 10 100 8 39 3 31 74 17 6 60 46 57 59 47 99 76 94 38 28 92 55 30 2 98 89 95 30 11 23 
61 53 14 91 46 89 44 65 91 48 19 39 91 50 9 25 39 52 21 67 45 35 62 9 40 40 48 91 76 100 39 85 8 34 53 22 89 97 33 8 24 11 69 68 13 73 49 90 17 64 7 31 62 62 17 33 92 75 90 65 75 94 86 79 42 11 36 66 10 10 32 71 25 77 66 22 39 15 40 27 70 17 23 93 41 90 22 21 14 39 69 73 65 96 98 24 89 54 67 79 84 77 54 34 95 69 62 24 48 28 40 61 34 6 82 63 19 9 46 87 76 16 90 67 17 52 69 77 81 28 66 65 100 34 4 41 3 42 11 45 5 23 57 51 66 58 78 11 53 23 90 72 63 16 90 60 3 12 75 23 60 70 59 18 7 95 39 63 71 57 42 85 62 98 89 15 94 90 34 86 41 35 3 15 62 55 65 10 57 93 22 36 29 13 11 64 82 37 93 10 
78 64 63 2 80 26 93 28 18 31 27 9 45 93 68 49 64 16 67 42 77 8 44 79 56 47 18 13 27 20 77 15 94 3 21 91 43 23 36 29 58 31 22 62 26 7 22 71 56 11 87 9 15 70 38 89 23 34 80 72 79 31 24 68 13 32 23 10 30 86 5 28 71 98 3 36 20 3 57 45 3 52 69 52 48 26 58 33 86 43 77 56 64 35 98 29 6 56 41 72 96 26 81 73 55 70 25 77 30 35 53 55 31 19 34 76 64 89 72 51 13 16 43 21 66 77 49 21 55 17 18 91 43 63 38 9 32 54 21 1 11 40 100 7 52 25 68 14 37 35 84 12 2 98 69 28 41 82 28 54 47 63 86 5 16 2 9 96 89 95 58 92 49 61 97 22 100 8 89 87 39 29 36 17 2 73 54 7 31 56 36 42 30 47 83 90 8 45 89 100 
30 89 56 27 33 46 51 7 19 83 86 94 64 67 25 32 15 18 27 24 8 23 15 70 63 53 43 44 73 39 87 34 90 29 15 6 44 44 20 40 51 24 31 11 3 93 85 65 35 9 80 70 26 34 94 47 16 100 34 46 83 92 25 98 64 3 38 71 8 63 39 47 14 72 24 52 1 55 4 46 67 90 50 25 17 87 98 82 72 87 9 58 17 63 50 95 96 89 5 2 13 6 66 35 48 89 26 49 61 33 66 11 59 72 13 14 35 8 20 25 43 27 99 50 92 92 67 30 27 22 59 17 26 42 19 39 83 55 69 90 85 74 48 27 100 45 54 74 93 33 8 97 95 66 27 41 43 35 63 100 91 33 46 10 91 71 22 59 53 19 77 52 44 27 73 55 8 72 54 34 72 52 57 89 56 63 12 4 81 94 40 15 75 95 77 82 67 64 70 94 
69 72 3 78 64 41 13 17 32 51 75 24 23 69 69 74 1 32 2 66 89 31 42 53 6 89 56 72 33 54 98 31 87 87 51 28 76 89 57 16 34 61 63 98 14 36 98 75 86 93 45 66 85 43 26 64 82 55 29 22 48 61 50 16 13 53 65 67 71 27 9 49 57 72 42 73 10 91 72 83 72 81 40 46 85 88 39 83 94 56 43 37 86 95 51 66 92 18 32 54 57 60 14 68 56 71 62 58 56 3 62 45 35 79 6 4 23 45 75 77 58 74 94 26 60 64 25 34 11 61 96 71 18 20 66 71 71 37 9 56 72 75 90 61 72 17 83 75 9 35 5 3 24 13 21 57 30 14 80 2 71 67 5 74 14 29 90 83 26 58 96 59 36 19 6 93 99 82 44 35 39 39 56 22 52 98 72 36 63 42 94 64 54 6 18 61 34 24 29 61 
76 72 6 3 16 45 26 11 100 13 83 71 51 95 50 28 4 11 93 11 91 11 57 9 19 43 61 100 96 64 53 79 19 28 17 29 36 28 46 87 8 91 30 99 75 42 53 37 95 37 68 92 11 21 95 23 32 85 53 49 28 36 19 26 77 48 28 16 66 97 57 7 12 73 53 29 56 51 94 56 20 96 9 46 13 89 59 2 14 24 10 39 24 59 84 24 12 96 29 55 37 24 71 45 46 26 2 98 57 44 28 31 91 25 62 56 30 13 37 94 51 75 87 95 12 22 7 63 47 60 100 71 5 73 43 20 87 96 17 24 66 95 22 100 34 65 87 94 2 15 20 13 32 95 76 45 10 43 58 73 55 41 56 56 95 35 10 70 16 17 41 36 83 90 71 68 78 18 33 92 77 41 2 53 36 26 91 45 48 5 67 71 83 76 99 31 13 33 71 45 
93 12 56 42 23 19 62 25 69 54 31 71 31 27 56 72 14 89 61 23 5 5 70 22 35 28 25 39 93 18 69 79 18 54 56 32 14 34 9 44 84 30 57 75 76 53 96 58 53 18 51 63 66 69 79 20 92 70 84 59 45 30 43 56 20 90 10 22 25 79 95 77 8 56 65 95 94 85 17 94 68 16 15 32 55 17 14 5 99 97 83 89 26 64 99 51 76 14 24 84 45 37 5 41 27 46 47 31 99 29 17 89 26 37 57 19 1 50 91 68 10 64 70 42 11 76 60 79 69 69 55 17 89 99 27 87 53 84 55 70 56 83 68 15 17 51 98 28 60 29 56 24 60 66 71 85 15 86 3 14 50 25 46 35 44 89 20 13 70 55 22 15 20 18 21 81 1 53 74 69 13 16 25 80 69 75 13 77 92 39 11 60 34 50 32 86 50 51 77 86 
29 96 68 51 11 58 36 35 50 21 13 1 72 10 99 89 41 14 38 79 57 83 85 8 99 65 23 53 24 9 21 38 33 56 62 74 47 55 31 1 99 24 86 63 58 65 18 5 10 33 89 91 58 96 17 57 71 44 45 10 26 36 41 19 88 69 89 66 37 12 53 58 10 16 46 5 100 57 29 47 10 37 31 10 76 2 10 98 40 31 73 29 79 7 80 11 85 30 59 50 40 93 63 95 82 34 48 13 93 59 29 43 52 40 61 21 16 62 26 38 15 68 93 17 98 7 77 78 76 45 17 31 27 9 58 19 9 50 39 68 73 31 88 14 51 54 88 96 19 31 28 80 26 48 80 3 96 2 7 51 32 95 69 57 14 27 68 98 44 95 93 46 61 48 56 27 16 99 87 6 53 13 11 37 5 26 76 52 11 14 53 19 6 37 66 4 23 44 23 38 
83 22 26 3 90 60 61 62 29 57 60 30 5 20 8 78 57 37 20 38 57 70 40 98 15 26 7 78 11 50 40 59 31 13 97 5 50 90 37 34 97 73 5 83 55 73 33 8 34 65 11 78 23 97 52 58 66 100 38 54 38 48 87 66 69 85 73 62 19 32 94 57 25 19 43 92 66 97 28 31 92 22 24 21 9 2 97 57 9 8 85 84 45 61 54 7 37 92 93 65 66 11 46 84 54 31 22 10 82 27 79 87 60 41 29 18 55 65 77 60 7 49 13 92 84 40 5 79 35 31 52 10 45 92 67 2 20 82 18 24 94 31 14 28 56 43 29 80 45 76 41 24 48 79 82 97 57 16 6 23 76 35 30 48 65 14 50 26 50 83 14 36 69 95 33 1 63 70 62 31 81 44 55 87 90 46 98 63 38 98 2 35 80 99 51 60 70 59 64 49 
15 57 32 52 34 12 72 96 50 53 47 19 77 64 24 50 72 27 14 93 10 51 97 82 48 62 63 91 24 97 31 93 86 54 55 80 89 30 53 26 68 95 53 58 89 30 48 61 75 42 23 7 79 90 39 93 77 39 81 29 42 10 94 13 12 42 70 60 99 23 14 92 56 59 94 20 33 18 96 25 85 63 8 56 41 29 2 39 20 61 35 87 39 93 94 30 53 63 94 57 98 64 20 40 55 17 60 90 3 61 72 100 46 1 78 2 59 51 89 16 48 5 29 63 59 17 23 20 38 80 74 79 1 79 63 84 22 28 73 38 94 22 9 26 64 53 20 65 43 67 26 100 57 69 3 10 11 74 33 67 28 10 83 66 48 48 16 11 34 58 59 67 74 19 15 26 8 53 86 13 50 20 1 94 26 5 20 88 81 2 32 93 10 72 13 59 22 58 94 44 
70 45 13 18 76 45 3 29 52 35 74 43 73 73 32 22 89 45 87 61 59 65 89 13 47 1 77 21 11 54 61 7 44 1 24 65 81 78 55 6 57 48 76 84 67 80 54 3 26 48 68 80 16 71 51 44 49 23 25 1 58 38 54 54 65 19 56 68 1 6 42 13 1 94 28 22 13 77 84 66 27 100 56 85 84 92 18 77 83 3 31 12 76 34 90 37 52 16 16 81 28 4 2 56 72 86 52 31 4 28 97 91 58 37 73 17 20 87 12 15 38 60 61 81 93 8 41 94 28 15 7 38 85 93 84 15 81 64 44 22 48 17 9 69 7 79 46 76 78 58 86 25 78 56 87 89 65 20 57 16 17 62 51 18 50 17 71 79 1 73 8 94 59 66 91 79 28 23 29 73 63 45 81 59 48 47 70 81 29 67 87 84 12 3 13 54 22 38 6 41 
3 92 70 97 32 41 38 99 52 48 44 87 99 69 38 78 29 48 47 58 95 24 3 63 75 73 69 14 3 19 96 65 93 38 24 58 80 91 55 53 45 99 85 7 80 16 35 48 9 62 84 50 43 22 1 16 9 69 96 75 15 58 66 61 44 93 61 44 52 34 95 96 61 79 79 31 82 97 99 25 37 76 96 33 25 82 97 53 84 53 88 49 12 47 83 18 38 64 14 60 15 95 68 100 100 59 14 13 57 13 59 17 99 57 16 20 95 10 58 74 72 37 31 44 41 89 75 42 21 68 76 40 2 21 72 54 65 17 68 87 20 9 80 72 95 48 90 33 22 52 56 82 83 17 41 93 86 100 60 85 4 76 2 90 4 4 19 9 56 44 93 93 71 25 58 29 49 94 96 40 7 27 62 35 69 8 76 89 91 93 29 92 15 43 93 14 73 17 8 42 
83 65 25 57 85 83 73 58 54 45 92 4 37 82 13 14 87 76 32 68 18 11 80 87 67 82 31 61 38 26 12 9 43 3 74 7 19 76 27 46 52 96 86 53 39 89 96 37 31 45 31 3 43 48 18 28 11 35 39 46 17 16 32 9 83 43 65 78 90 94 100 100 100 39 76 45 29 43 45 59 58 75 91 56 14 85 9 71 15 20 40 31 23 100 70 87 10 28 23 38 86 96 38 31 35 2 35 61 66 24 14 34 43 42 28 24 68 45 15 5 87 30 30 31 26 79 7 69 64 39 65 44 34 89 94 47 25 91 63 72 48 72 55 23 33 15 40 93 97 42 84 20 14 15 37 77 64 55 61 14 82 66 37 36 13 58 31 7 99 93 46 59 95 85 6 3 54 6 38 84 82 42 45 46 18 10 13 3 5 73 49 63 43 52 92 50 57 14 78 6 
50 21 72 4 69 19 57 64 41 73 50 79 65 32 12 63 32 79 34 6 30 75 98 10 59 57 95 15 9 66 4 33 6 21 84 12 23 62 39 47 40 35 27 98 92 56 49 2 32 23 15 69 65 95 25 21 65 56 4 55 93 82 44 100 75 82 66 49 93 86 78 61 81 10 3 9 4 19 81 91 43 43 45 41 23 2 56 43 74 11 36 51 100 85 28 8 70 67 40 50 31 74 5 68 13 72 96 82 28 84 74 94 92 72 13 22 61 83 99 52 85 67 13 47 5 18 27 77 84 71 58 24 52 15 49 28 22 21 9 42 42 21 73 26 38 92 63 8 90 27 99 98 4 31 31 81 78 26 57 99 50 31 42 49 84 45 59 63 87 5 81 88 28 54 81 15 58 55 38 77 72 32 43 97 98 88 66 87 67 64 66 88 34 78 52 87 53 67 61 29 
85 84 7 87 51 1 50 26 12 65 94 14 94 72 49 47 75 51 1 98 59 53 10 29 74 15 12 81 35 32 32 16 30 2 33 41 18 41 54 8 57 47 31 25 56 78 23 74 36 68 14 91 61 37 30 40 99 2 16 8 50 94 5 24 23 30 9 99 57 87 15 89 16 9 41 46 90 13 27 21 15 85 51 48 41 72 41 5 21 30 46 80 93 9 62 90 46 94 10 63 88 57 90 3 99 65 27 71 63 98 64 78 42 17 85 1 72 86 56 67 100 66 81 100 64 74 70 8 22 88 30 94 41 90 64 24 78 77 1 59 79 22 56 53 14 77 1 31 3 35 28 83 19 24 24 98 17 27 52 38 82 17 94 51 29 99 44 34 59 41 69 25 2 41 82 17 83 24 36 10 15 57 66 21 55 37 19 61 97 95 49 69 75 79 95 64 99 21 100 26 
26 2 45 7 59 11 62 25 28 97 83 24 14 59 93 65 78 89 21 65 5 24 40 81 78 42 97 34 77 20 51 87 32 85 51 41 60 35 21 16 68 2 91 84 61 33 57 73 96 88 43 88 44 61 34 48 8 39 32 99 19 38 94 7 40 22 78 17 95 43 41 48 9 95 53 24 64 40 95 53 16 13 20 3 85 52 61 37 97 29 62 77 17 16 49 95 47 97 25 48 77 9 38 55 54 15 93 86 20 76 26 99 20 59 52 21 51 55 85 14 57 56 36 40 14 97 87 19 85 38 36 1 91 46 27 75 31 58 97 21 5 83 51 19 21 47 22 51 71 91 22 51 24 30 91 66 79 43 3 51 11 8 29 80 77 63 88 13 49 91 94 42 14 72 71 30 79 66 56 78 76 71 42 4 78 23 39 10 43 97 57 84 64 91 98 50 55 42 33 33 
83 14 11 91 84 79 67 71 48 93 2 99 67 14 3 88 3 26 42 50 70 7 5 37 48 13 34 89 96 90 40 73 56 2 24 27 97 31 100 100 59 49 69 90 61 60 43 11 15 28 52 77 85 72 56 28 75 56 79 79 67 45 72 96 24 16 6 68 84 64 63 29 63 42 59 64 77 95 7 21 81 20 21 58 11 3 90 71 18 9 90 1 12 8 19 36 79 41 54 8 86 24 89 43 90 32 26 69 99 7 39 59 98 35 99 83 39 45 7 7 2 8 2 90 33 6 86 96 44 79 90 45 44 12 33 9 88 59 12 50 89 1 3 44 85 48 54 7 98 74 72 38 5 43 6 42 4 84 57 56 45 29 30 31 64 42 75 43 73 94 42 2 54 70 55 35 36 86 39 16 13 19 91 7 11 45 21 85 24 90 15 77 45 75 58 77 87 55 74 34 
8 28 13 3 59 29 40 66 90 62 90 51 50 79 31 25 7 22 49 5 5 26 80 80 85 55 1 88 36 10 30 17 21 43 46 15 58 78 74 87 9 45 61 97 36 77 53 7 7 39 90 63 41 35 96 72 100 6 34 29 83 81 2 18 48 53 1 86 83 64 73 20 43 70 19 15 94 25 28 57 38 45 47 91 96 16 92 3 16 94 43 45 68 85 99 70 23 83 100 91 32 28 1 54 79 48 60 70 52 18 42 59 56 28 5 90 14 40 32 3 70 47 78 53 95 30 1 5 58 11 23 69 42 10 19 99 12 45 99 87 15 98 84 20 4 5 27 6 17 5 34 14 89 77 100 58 63 22 73 45 37 50 61 66 4 31 6 15 30 40 8 16 21 59 55 67 32 33 17 81 2 67 83 67 96 77 68 88 81 27 96 51 11 42 9 24 76 28 62 95 
43 70 74 80 92 24 32 89 76 97 25 56 22 9 88 61 41 23 41 34 18 7 91 32 13 56 2 28 92 87 77 77 16 22 53 76 56 19 46 27 93 9 88 4 79 87 57 65 87 47 57 14 71 28 29 14 64 72 39 61 93 75 39 66 5 24 14 28 10 56 57 35 12 45 24 28 54 44 23 72 20 57 20 84 85 59 14 100 13 16 76 96 63 98 14 73 10 1 55 93 9 84 48 78 54 69 95 99 29 57 65 87 30 11 63 46 57 39 5 50 92 61 88 37 10 33 29 11 81 36 17 61 20 84 22 35 18 91 89 83 49 73 9 98 74 78 80 17 44 93 26 29 32 46 17 90 98 99 66 59 7 12 19 87 76 94 65 84 20 48 18 10 92 42 58 84 48 14 74 76 33 8 47 13 86 78 90 63 80 4 85 50 62 51 80 10 37 14 33 60 
23 27 98 46 60 78 13 73 10 40 46 7 91 68 75 32 29 33 37 31 8 60 41 20 73 81 81 56 49 87 63 22 5 47 41 56 73 47 58 72 85 62 74 27 71 36 76 8 64 25 18 82 51 54 14 1 67 43 84 48 57 36 5 67 94 82 20 90 93 33 63 31 49 16 49 13 86 83 41 32 93 27 2 59 95 48 48 72 78 47 72 8 89 73 64 87 71 7 49 37 57 50 88 79 25 93 46 58 72 31 45 85 86 11 70 89 93 58 66 5 15 98 31 80 54 57 5 70 26 3 71 9 77 34 97 69 65 2 8 61 49 30 70 88 7 15 5 100 18 81 37 90 98 91 46 43 77 57 56 87 71 79 82 91 88 82 18 81 5 90 80 67 10 12 46 43 15 97 73 3 25 98 25 29 90 65 30 43 10 37 50 28 24 21 2 39 80 42 34 85 
85 39 76 51 33 38 54 74 55 82 35 45 38 77 6 44 54 34 66 1 45 33 69 84 3 86 54 18 17 58 4 11 54 49 60 13 17 77 78 21 33 45 49 3 3 62 84 9 41 73 41 38 44 86 49 55 78 57 52 37 78 9 83 27 58 91 65 88 100 70 49 68 43 2 93 60 35 68 84 89 21 1 42 44 31 76 69 73 37 8 30 34 20 6 58 2 54 5 3 11 34 62 14 89 25 78 54 15 15 32 90 59 37 91 62 25 62 30 64 77 6 63 88 91 33 23 54 61 38 10 11 92 27 69 30 25 44 20 49 43 35 49 43 43 86 21 27 72 49 49 100 73 76 33 45 37 71 4 30 87 74 78 21 30 63 61 20 17 16 89 26 78 81 74 88 13 67 8 5 21 44 29 62 84 73 38 41 42 73 28 48 55 51 45 66 74 54 94 83 56 
2 37 47 94 9 33 94 39 14 28 76 4 69 26 46 92 89 77 34 16 9 71 30 28 62 50 70 47 14 12 65 63 82 60 54 61 4 6 5 97 94 91 96 86 21 95 47 7 35 57 14 53 98 98 98 61 2 88 19 18 73 47 1 8 84 5 67 18 94 16 38 6 37 96 32 48 99 58 67 74 88 28 8 89 64 18 74 80 27 47 55 96 14 8 100 17 93 76 24 36 43 75 73 49 43 60 11 55 24 57 18 3 94 42 77 11 40 71 85 60 53 34 81 27 18 83 4 52 92 59 66 11 32 18 38 97 16 3 72 87 20 22 16 68 78 24 57 7 30 98 82 42 96 8 95 26 66 84 7 34 12 12 97 99 95 23 9 58 49 49 52 9 80 81 81 74 74 79 90 16 95 51 84 74 56 99 68 74 26 33 65 39 7 60 62 31 13 3 94 90 
38 38 80 16 73 23 5 97 59 86 75 93 35 16 91 42 24 29 22 25 61 62 78 48 91 17 57 64 51 26 75 75 9 68 32 25 62 32 10 94 87 57 96 86 38 48 18 40 25 97 47 15 55 50 11 2 87 26 52 72 48 56 24 70 3 100 73 38 37 64 64 48 31 14 73 60 45 84 100 53 9 47 49 96 33 68 19 6 85 77 81 27 3 38 100 70 30 92 82 64 96 89 36 12 4 61 66 81 4 33 58 80 50 53 90 20 49 9 43 8 81 42 45 35 15 39 96 65 97 64 2 43 68 74 99 56 49 2 37 90 7 82 69 92 93 72 60 41 22 23 79 67 29 75 80 100 89 23 94 64 6 95 56 87 26 26 41 9 62 55 91 26 55 45 91 4 57 75 79 89 52 88 19 71 62 47 41 42 90 23 55 64 17 17 6 95 66 52 100 96 
49 91 19 55 45 28 4 56 48 49 41 29 96 16 31 53 42 14 93 91 81 79 83 46 91 9 20 62 8 26 7 5 16 7 61 85 83 43 30 49 80 54 84 26 9 89 51 32 78 49 24 100 80 59 99 99 89 46 28 1 94 86 62 84 68 76 35 7 13 24 93 43 77 57 11 22 80 80 11 32 32 19 76 36 38 73 22 58 59 79 97 75 18 66 50 68 68 85 87 36 87 8 55 46 24 36 65 61 49 93 79 22 15 55 6 48 9 15 14 33 13 20 71 28 79 90 31 46 64 82 13 22 97 40 49 87 88 93 57 42 74 86 23 46 29 94 37 71 78 16 82 47 4 93 86 15 50 91 59 55 53 28 45 27 94 94 32 21 28 35 70 6 96 73 36 75 56 67 8 69 5 50 74 46 22 94 32 89 59 80 77 98 38 100 33 20 46 15 34 87 
15 23 95 9 62 14 11 13 45 80 98 28 53 98 8 46 54 32 6 85 5 69 97 66 61 65 58 15 60 36 76 87 72 59 75 27 70 48 23 93 42 22 28 87 6 50 54 9 1 43 45 32 64 8 18 47 11 82 23 5 6 95 79 100 70 55 71 97 75 73 34 80 40 8 17 79 56 75 36 91 37 25 2 88 31 17 21 12 39 63 96 37 6 29 99 85 89 62 64 98 35 57 28 17 97 73 17 7 7 23 2 63 93 73 49 34 59 28 46 10 87 12 52 19 30 12 2 43 58 66 25 66 9 3 46 41 18 41 98 6 12 3 96 71 95 52 74 82 98 89 47 87 13 3 9 36 18 74 93 22 100 29 93 19 16 26 100 82 30 32 10 79 5 12 19 9 72 30 4 45 41 48 16 42 25 54 83 22 40 83 1 46 40 32 85 22 87 31 90 12 
20 70 2 46 57 93 69 25 32 34 13 58 38 44 21 57 39 19 91 60 37 74 93 51 51 10 74 76 13 79 73 4 47 6 12 5 68 53 89 92 77 66 53 19 25 19 76 77 35 42 15 34 36 39 46 20 68 43 77 6 62 93 9 10 58 20 32 94 11 52 90 63 23 46 16 13 22 9 51 55 74 3 48 74 38 30 36 9 81 17 23 77 3 95 1 86 66 44 32 24 82 17 99 24 42 41 59 12 71 1 38 66 78 75 57 98 17 69 33 30 93 38 49 26 39 58 71 21 26 68 76 52 41 13 90 9 77 89 90 45 96 57 77 91 87 35 14 57 54 87 95 3 98 46 75 84 83 48 86 53 76 9 21 33 31 93 4 54 21 37 46 41 22 37 9 41 93 68 21 6 18 25 82 25 17 59 59 47 21 67 75 42 40 35 79 94 57 21 54 35 
58 41 79 73 3 37 28 8 100 19 32 41 63 60 65 49 77 90 30 62 95 62 77 91 16 3 24 80 20 96 36 37 18 40 49 97 3 58 50 42 70 6 55 54 80 95 31 85 52 48 46 39 42 82 4 92 83 70 92 19 7 25 27 71 90 87 21 74 93 97 52 93 37 29 97 53 93 88 22 55 66 54 67 22 65 74 51 63 23 98 78 97 89 12 17 28 74 55 21 54 46 37 69 65 31 10 3 26 33 48 69 64 54 72 43 84 68 50 59 90 98 85 49 80 38 92 44 79 6 10 53 19 53 37 15 89 26 67 69 81 43 63 90 88 32 56 33 32 22 14 67 61 11 59 86 25 41 71 26 75 32 19 5 23 35 87 3 79 17 68 19 77 49 6 89 65 10 95 38 68 57 79 2 36 5 12 46 55 100 6 15 36 20 70 36 79 74 49 24 23 
26 59 4 42 30 3 89 82 97 32 26 16 87 21 34 12 94 1 64 74 81 51 90 24 45 55 27 25 45 19 43 23 18 83 60 23 49 17 8 90 25 42 76 53 79 81 14 5 29 24 100 90 33 23 99 15 53 47 60 71 27 11 65 81 55 61 59 82 66 18 65 88 25 71 100 79 74 63 39 75 62 28 21 77 71 81 93 80 58 66 88 18 53 28 8 92 93 79 31 62 89 86 30 74 43 53 77 18 22 9 64 61 45 21 100 97 40 100 4 33 70 53 15 4 65 60 100 93 51 69 78 10 98 38 14 82 15 73 21 34 38 29 51 87 24 3 46 94 25 59 21 40 50 61 88 35 59 90 50 95 64 88 11 59 23 63 40 7 79 56 65 50 77 82 87 48 66 16 16 7 5 57 100 36 78 19 46 60 34 1 10 84 36 62 19 43 41 30 93 71 
34 87 15 45 16 27 32 4 89 19 33 81 42 75 48 43 16 72 33 88 31 99 47 14 95 81 77 45 22 48 1 11 86 82 15 28 91 51 68 76 73 24 6 29 8 12 90 79 38 87 82 40 91 44 63 10 66 99 38 56 15 49 5 58 8 18 95 30 47 78 19 10 61 27 87 37 95 1 80 78 29 72 9 98 89 74 56 85 76 40 9 22 69 65 88 34 30 48 16 63 41 13 53 67 65 82 47 49 56 17 64 18 54 79 28 89 77 4 48 21 50 70 68 34 39 19 98 78 84 77 61 16 66 75 94 76 86 70 85 29 50 21 80 31 62 26 6 100 18 1 43 35 32 53 89 71 76 89 35 85 79 22 81 72 12 94 3 58 50 73 87 78 22 88 95 32 63 45 72 41 71 7 31 97 54 97 2 30 9 13 40 62 52 76 28 94 43 75 27 21 
63 10 96 77 28 64 40 78 2 41 50 82 91 26 89 6 33 40 80 96 77 50 14 23 98 94 43 41 59 99 23 93 17 60 53 95 70 98 37 80 31 49 54 26 53 71 15 25 34 11 85 86 33 80 22 13 96 23 94 61 51 29 59 9 65 82 85 47 23 18 85 47 47 76 25 65 44 50 91 76 43 46 79 56 20 94 67 20 46 54 62 32 57 6 38 61 92 48 42 4 39 85 40 24 62 68 83 75 40 23 11 59 26 34 30 71 87 88 97 72 84 1 47 96 15 38 23 55 30 90 69 28 23 1 30 44 97 24 97 50 31 73 26 61 19 78 44 52 83 34 5 91 25 98 31 17 96 84 98 3 74 64 2 2 97 30 1 97 93 91 20 12 35 19 7 83 77 63 31 21 12 63 78 24 60 93 47 62 81 85 24 76 75 21 11 59 63 22 76 58 
44 66 35 15 99 73 15 58 21 22 30 20 95 63 7 32 90 83 94 47 46 94 4 35 77 40 81 21 57 46 41 3 44 93 20 38 14 31 24 29 55 50 48 91 34 40 8 79 81 17 7 88 67 32 40 29 94 47 73 12 69 82 6 47 4 27 66 5 6 8 54 20 54 74 49 79 61 4 62 23 91 37 78 79 8 100 33 26 85 65 85 92 80 67 69 43 50 64 39 73 44 50 61 21 20 47 11 87 38 57 52 40 49 70 82 68 26 22 88 25 21 70 73 21 59 4 53 95 98 17 23 2 57 50 92 47 36 44 22 85 49 16 27 20 19 72 47 85 49 51 96 64 81 25 41 53 34 59 10 77 19 17 3 26 72 92 14 25 61 22 43 46 84 5 81 28 13 67 33 14 98 96 20 9 42 29 16 45 4 38 45 45 61 37 36 31 49 36 41 74 
65 82 31 74 82 52 49 84 36 96 7 41 4 92 68 54 71 67 33 70 53 31 48 53 25 26 85 48 50 49 67 4 8 28 72 76 13 99 25 96 26 44 49 39 25 29 16 71 97 25 38 92 24 11 20 3 59 95 93 42 83 5 50 54 87 73 85 95 2 16 79 5 66 38 83 60 10 22 39 23 97 4 37 73 96 100 96 1 36 39 78 39 15 79 11 50 59 71 99 57 61 20 57 73 20 71 60 6 4 6 10 38 27 8 47 31 93 63 43 48 98 11 75 69 17 21 75 16 13 33 59 52 98 77 71 39 46 7 3 9 82 8 88 73 47 9 15 90 69 80 58 60 25 8 35 3 30 78 56 98 83 92 75 57 34 20 61 83 88 63 38 71 88 27 27 25 70 42 32 19 40 29 65 83 18 18 23 14 81 74 26 75 10 66 71 68 82 20 64 40 
9 88 2 32 58 4 3 11 69 78 52 49 50 95 73 74 79 11 26 66 56 93 37 42 9 23 47 22 62 16 15 43 93 65 3 62 60 6 25 78 61 64 71 63 4 4 44 85 35 82 47 30 12 27 92 76 65 13 19 11 36 21 91 12 57 31 88 72 56 47 69 58 16 23 49 43 67 66 95 65 56 97 73 100 40 61 75 9 32 35 6 51 87 56 89 31 41 45 32 54 2 65 25 67 22 12 61 81 4 5 43 2 43 50 51 97 75 40 19 51 73 68 13 31 81 96 69 98 1 29 24 24 29 48 26 8 42 55 33 18 9 74 63 30 25 19 76 68 84 1 71 85 29 65 89 36 1 77 47 3 78 45 76 71 87 82 71 2 73 19 91 53 17 29 67 2 13 21 98 24 55 5 22 46 51 27 95 64 51 12 50 99 29 21 87 29 33 33 12 93 
59 2 3 93 66 12 19 98 52 34 96 34 63 45 68 8 87 63 96 90 59 66 59 93 72 80 11 43 97 33 73 98 15 75 91 66 89 33 65 28 34 22 45 99 71 31 33 31 15 100 75 9 85 67 73 80 72 22 41 12 72 48 77 30 65 6 30 53 46 93 15 49 42 99 50 90 30 72 90 88 17 78 97 45 51 41 44 26 33 83 5 90 91 91 9 98 92 4 10 89 13 11 53 62 21 48 89 44 84 90 23 90 15 52 66 71 85 59 79 94 98 1 28 85 49 74 58 57 37 58 26 56 11 76 29 7 65 71 6 40 13 90 64 6 46 25 10 40 69 94 23 9 58 24 28 80 46 10 56 59 48 42 85 22 34 63 20 38 20 48 54 26 8 10 53 49 65 37 60 54 67 90 76 57 71 99 56 32 30 90 83 2 99 73 32 68 48 25 59 4 
18 92 40 72 10 81 1 5 24 13 89 63 41 89 83 28 31 78 44 2 58 23 62 68 77 69 99 100 79 92 5 30 100 90 93 72 66 39 86 52 48 91 84 90 39 52 67 84 43 13 32 60 46 15 87 73 100 4 21 2 28 54 52 23 5 49 100 91 82 65 96 100 51 100 64 59 88 97 14 35 82 2 93 39 12 71 19 44 86 90 55 25 67 72 73 46 89 53 35 88 14 39 63 6 43 43 24 66 71 32 4 18 99 50 18 62 17 8 11 39 45 32 45 48 10 98 32 62 5 34 97 4 24 77 46 36 29 4 55 67 94 2 92 62 54 68 79 78 84 28 35 39 65 78 27 72 45 58 66 68 84 90 39 34 56 51 61 70 88 38 16 78 74 15 6 39 46 91 33 36 30 58 55 33 83 69 35 30 88 99 99 100 11 60 81 37 2 88 42 10 
14 63 8 42 93 52 65 8 54 81 77 46 37 67 90 98 70 46 99 45 85 100 73 54 62 33 33 28 44 7 39 54 18 46 93 37 35 6 52 19 6 57 71 29 78 8 40 71 73 75 84 43 24 48 37 1 6 85 53 95 26 19 86 56 79 63 17 51 21 99 27 80 44 51 62 63 2 54 5 64 79 50 40 39 1 93 43 83 4 63 25 41 57 8 47 89 81 43 11 89 21 37 86 28 48 28 52 40 66 15 37 60 27 22 10 29 53 83 60 18 89 68 21 80 96 57 7 35 5 50 62 14 16 79 58 1 89 91 65 27 49 19 65 98 31 61 57 63 77 27 36 84 9 23 6 70 80 4 36 44 46 2 100 60 6 16 95 49 75 23 56 73 85 19 30 55 40 52 64 87 26 9 58 50 3 31 10 46 73 60 19 23 67 86 8 12 50 91 7 75 
5 82 11 72 46 57 53 91 19 88 40 82 4 73 7 29 57 67 6 19 69 7 4 65 38 96 24 86 29 21 77 47 31 25 54 85 95 62 73 41 59 61 86 16 57 94 13 39 87 94 41 65 51 88 1 75 70 81 2 41 78 72 15 13 88 93 95 41 49 74 15 74 40 51 38 2 74 83 13 92 32 39 91 6 98 65 55 14 63 1 49 75 90 63 1 36 91 66 49 74 32 53 81 51 19 79 31 48 20 33 39 75 9 91 82 91 79 43 86 5 63 53 46 100 80 97 5 24 96 59 12 7 100 33 49 7 92 17 40 24 39 100 54 11 22 57 24 15 10 2 12 70 47 74 70 12 2 100 71 17 17 17 66 77 93 70 72 17 74 27 58 53 92 77 11 10 30 92 63 99 4 54 47 86 4 35 65 23 49 68 4 49 24 82 98 81 3 77 32 73 
56 59 12 23 2 86 13 38 79 47 83 21 58 43 27 4 88 80 1 23 26 91 40 65 59 6 100 69 46 18 13 43 87 86 68 64 13 10 83 90 62 73 90 42 68 68 25 51 31 60 6 39 96 27 72 53 39 71 9 40 13 22 3 56 53 80 81 73 9 55 10 53 35 90 3 18 65 29 73 17 38 18 28 58 38 54 81 25 35 77 28 79 1 18 84 97 93 12 1 15 83 83 28 69 65 48 6 62 56 20 70 35 99 48 9 100 78 67 11 24 55 60 8 18 31 77 97 88 99 80 46 28 78 9 87 7 42 13 84 58 5 2 100 88 36 36 16 20 45 72 12 41 21 64 38 84 57 1 11 9 76 42 14 54 31 32 20 61 57 1 83 12 98 61 78 30 27 66 88 22 50 62 57 3 16 77 31 10 65 25 50 34 54 60 34 67 92 44 13 54 
51 85 9 38 54 94 72 66 64 68 61 59 16 78 83 55 37 59 70 88 81 36 10 89 34 73 2 36 50 98 74 95 4 81 82 27 68 66 22 75 30 46 69 42 89 93 72 32 47 2 61 8 35 14 17 98 76 90 45 68 45 66 42 36 58 83 59 61 7 73 4 7 77 11 39 37 44 77 84 61 37 58 76 30 15 95 11 42 96 51 6 43 30 63 80 2 60 87 8 54 16 35 59 23 17 5 50 55 68 15 62 52 17 100 71 85 78 93 14 13 86 2 41 35 17 92 56 59 62 90 2 17 11 43 63 91 8 54 60 17 93 73 78 28 91 76 86 56 62 54 82 82 4 3 52 2 23 19 91 9 71 63 60 36 13 31 50 5 14 100 80 89 70 22 8 13 51 19 25 92 4 74 34 9 26 100 8 77 37 79 4 90 61 24 37 52 30 41 88 47 
64 91 60 53 70 6 44 92 23 94 64 72 70 24 26 3 39 50 28 98 77 90 58 54 55 95 23 37 39 68 65 79 97 16 41 6 27 10 72 97 70 47 54 75 85 15 12 92 79 26 94 13 48 67 38 15 60 44 96 59 68 88 39 86 2 7 86 65 96 49 89 18 74 57 64 73 1 85 34 72 93 98 9 20 24 100 8 67 93 5 27 26 74 58 75 53 74 74 20 31 47 57 91 19 94 97 17 42 39 1 32 73 6 1 83 13 60 24 65 88 46 93 64 48 71 62 34 18 41 70 48 82 30 11 82 51 78 98 13 8 92 80 26 17 55 52 72 62 36 88 33 56 92 81 57 53 53 81 22 8 76 43 38 70 5 2 95 70 72 22 34 1 20 7 18 82 69 64 26 47 92 1 12 90 12 25 19 6 21 27 69 74 67 72 38 48 21 36 73 36 
63 68 98 20 85 94 7 56 63 38 57 47 27 24 53 49 40 12 66 70 40 77 20 20 5 9 6 42 94 61 73 69 67 72 60 87 56 82 47 66 63 51 25 10 96 58 98 44 77 93 4 54 4 63 51 76 2 14 48 39 20 9 8 85 48 37 98 29 76 79 55 71 88 56 98 85 56 91 88 10 60 86 80 79 33 41 14 44 14 21 31 37 37 96 21 22 96 88 75 93 51 24 99 80 13 9 22 94 2 70 51 82 75 89 72 94 16 94 62 64 26 69 90 61 70 4 38 92 78 87 10 88 77 50 76 1 31 90 56 65 83 14 9 49 76 14 32 97 58 30 36 52 91 11 24 64 61 17 83 1 2 96 100 34 57 2 21 5 76 98 7 97 76 80 4 29 29 82 72 98 49 66 82 32 65 98 74 30 18 38 10 29 32 72 15 94 87 7 39 91 
65 36 97 72 36 35 21 32 37 54 34 86 16 2 35 13 53 52 11 96 61 17 60 92 80 67 46 42 34 53 3 53 75 86 31 71 41 95 52 20 72 69 97 1 51 25 81 41 88 20 59 38 71 87 26 68 95 78 77 37 83 84 70 63 29 3 84 14 79 86 11 26 66 67 52 43 15 88 11 32 99 37 77 64 52 40 14 50 11 56 65 42 24 37 35 56 66 35 24 27 93 53 46 56 65 15 14 55 42 41 3 98 27 36 48 43 35 10 59 22 16 81 93 87 86 78 68 69 84 94 65 26 58 97 61 64 8 38 94 12 58 21 100 95 51 68 88 59 97 62 23 8 11 96 22 8 16 84 92 87 78 56 8 10 87 23 86 62 81 7 79 87 95 69 66 6 64 31 81 87 12 95 54 7 77 3 61 73 97 26 81 97 22 48 77 59 63 78 1 87 
97 15 71 53 5 56 43 63 24 40 77 7 5 30 75 12 25 39 82 95 30 68 16 46 61 43 31 90 46 25 72 6 22 63 50 54 95 33 32 9 52 20 17 88 95 10 24 8 58 22 26 5 21 46 93 11 13 36 64 1 93 66 75 43 1 48 73 42 66 26 60 18 33 76 25 71 61 100 19 50 77 25 10 93 48 38 3 71 3 35 62 80 18 84 10 54 97 62 38 36 32 55 33 24 87 49 51 65 100 76 20 38 22 9 77 21 18 20 6 49 23 16 50 94 60 23 97 37 96 21 66 13 77 1 46 13 58 56 57 92 99 6 12 76 85 2 2 34 74 28 56 8 70 86 59 72 34 94 6 33 60 1 87 82 5 65 85 29 84 44 83 66 34 51 19 83 64 6 44 35 8 91 96 6 15 41 11 16 59 4 65 3 19 41 91 3 22 16 91 60 
34 43 81 42 56 16 33 83 70 19 21 51 86 12 71 74 77 30 54 17 72 73 47 38 64 47 76 35 23 47 95 72 52 16 28 89 34 43 14 66 71 9 26 16 74 85 9 85 92 57 83 38 63 19 94 29 27 26 20 2 14 19 57 24 71 1 94 37 19 56 61 86 91 41 97 75 15 8 39 59 76 55 94 60 23 58 75 61 29 56 42 90 4 100 59 70 32 15 67 91 83 5 82 96 32 35 75 46 72 37 10 41 56 86 48 39 73 80 1 49 58 49 65 70 83 94 97 24 8 92 31 24 40 15 4 19 99 47 52 89 66 36 86 76 21 95 84 99 34 77 21 78 57 4 86 77 50 5 18 19 95 62 66 47 8 62 32 24 28 74 85 81 80 74 77 15 20 16 89 80 58 32 63 58 61 45 56 74 77 59 93 91 67 2 74 2 27 6 78 75 
88 25 27 98 29 70 71 35 96 34 72 87 48 93 93 92 82 6 14 78 24 21 44 73 4 65 91 25 82 48 24 35 39 26 96 70 77 36 16 33 7 70 66 54 41 61 64 66 1 42 78 1 61 34 91 89 44 74 73 60 53 87 19 65 59 99 85 32 68 21 93 44 3 7 92 4 21 78 83 41 86 92 30 15 77 23 97 54 12 5 27 9 11 73 22 51 68 39 70 45 50 83 86 1 21 47 21 6 28 46 3 22 92 11 85 28 47 65 35 1 71 54 80 13 63 46 93 11 31 52 55 79 32 84 3 87 81 11 95 2 53 44 41 30 98 13 68 6 89 42 90 95 4 60 90 49 50 77 61 35 11 13 17 25 12 78 71 30 78 70 99 76 4 44 43 42 36 98 67 77 45 64 72 45 37 43 44 17 76 32 92 91 9 65 100 54 98 11 22 2 
95 28 53 100 31 10 76 9 52 77 70 84 32 15 88 79 23 100 89 53 84 6 75 71 96 64 24 87 62 23 92 5 93 61 69 82 39 81 68 38 79 62 97 24 16 40 52 87 45 21 87 76 100 82 20 42 63 74 2 94 55 52 80 86 35 89 76 17 85 73 43 18 26 28 32 93 18 63 85 39 76 34 79 94 69 64 54 59 79 49 57 41 34 10 35 48 46 12 11 57 34 83 98 36 45 42 42 31 96 76 85 66 2 12 92 32 59 54 15 19 26 43 97 12 8 57 74 44 87 69 96 21 38 89 29 4 84 66 57 70 61 21 12 23 20 44 22 37 58 24 67 8 24 53 4 85 82 72 63 68 69 26 17 52 77 71 63 75 82 36 50 33 37 56 89 79 58 46 66 65 64 19 1 17 20 31 48 55 13 66 39 27 67 1 4 53 84 64 27 27 
55 79 61 71 62 8 31 15 90 5 89 29 54 79 60 95 99 56 9 17 50 99 40 33 40 96 22 32 31 76 6 55 7 57 85 58 18 11 24 83 93 8 23 42 96 35 65 94 68 72 24 52 72 73 61 88 62 61 77 57 45 57 98 60 77 28 2 78 20 95 15 83 22 41 39 93 97 75 2 9 68 74 76 15 38 23 46 43 88 81 5 4 43 80 37 83 6 75 84 27 86 13 89 11 25 84 54 10 45 32 60 41 26 89 74 21 90 20 95 69 5 75 59 83 40 48 66 27 43 59 64 1 79 42 66 60 55 51 57 11 74 12 12 54 54 8 88 11 79 67 28 13 14 26 92 74 60 19 39 9 42 2 37 34 45 6 35 10 12 22 48 90 65 32 51 65 67 3 16 66 93 89 26 52 27 77 83 74 95 94 93 73 45 91 1 51 80 77 84 35 
7 8 82 45 26 82 14 41 87 56 40 44 99 48 79 9 93 75 4 27 86 1 90 29 46 27 60 2 29 10 82 47 81 79 24 7 79 70 52 27 52 67 7 97 25 42 29 77 25 36 82 40 94 60 64 87 70 40 72 73 69 92 9 26 20 84 92 8 92 68 39 67 3 12 30 43 39 1 36 97 61 53 12 46 87 43 74 59 28 27 34 23 95 81 72 55 21 62 26 65 41 99 64 2 75 88 44 57 21 80 70 57 78 46 38 35 36 21 79 41 2 49 9 34 3 28 34 76 70 6 22 76 67 85 2 64 43 61 2 79 43 92 65 47 84 67 89 54 50 50 80 19 94 59 91 10 8 9 41 67 63 96 81 64 38 47 13 46 4 44 54 23 41 69 39 95 100 19 58 14 41 55 46 57 40 53 84 7 70 28 6 40 17 95 60 39 70 95 70 46 
100 81 29 5 25 6 64 60 53 58 74 24 86 57 76 24 67 93 86 18 57 51 24 76 99 63 72 27 32 26 76 67 72 49 83 16 39 66 28 3 11 34 33 22 40 96 49 30 29 76 18 36 45 2 27 87 35 15 6 11 81 65 41 66 4 46 22 94 20 12 63 32 39 17 34 60 63 85 41 85 39 33 58 10 25 81 95 43 11 98 50 18 89 7 44 47 44 27 97 17 55 74 22 52 99 30 91 44 74 97 73 82 24 62 100 54 65 8 8 88 13 66 98 88 66 84 84 99 43 20 86 1 28 26 24 67 4 97 34 40 34 5 1 3 76 42 45 68 85 1 48 76 85 24 79 19 16 56 28 21 84 10 17 29 9 79 97 47 96 75 30 46 61 87 36 37 94 68 78 87 96 71 82 10 74 57 25 90 95 96 43 23 19 85 82 26 63 16 75 25 
95 84 81 91 19 14 98 64 25 57 43 13 38 7 52 34 52 88 66 100 98 19 59 99 8 8 85 75 74 13 33 43 7 90 95 91 43 21 14 17 3 15 32 98 34 82 14 23 55 40 4 19 94 53 69 82 80 74 35 34 62 33 16 10 12 83 77 54 6 28 19 77 99 1 75 60 100 24 98 74 59 41 31 76 67 64 27 35 63 83 23 1 15 21 19 48 8 82 52 1 47 16 56 91 37 85 11 92 7 62 52 48 4 71 58 85 40 94 25 40 35 78 17 47 49 57 76 52 84 97 81 14 73 12 83 26 82 40 68 51 97 28 79 8 80 3 12 22 58 10 29 44 84 19 96 65 42 36 46 36 48 25 96 4 39 4 73 11 63 15 16 25 7 57 41 23 89 21 89 25 99 51 19 33 16 72 44 12 3 18 1 78 27 27 8 8 95 74 88 11 
4 82 79 29 59 20 32 34 29 22 40 54 51 62 80 84 1 81 26 45 70 36 79 46 52 46 63 4 44 80 47 65 65 71 12 62 2 39 26 15 98 77 56 75 75 72 65 19 85 8 64 35 95 26 67 37 95 79 89 98 91 8 27 29 29 58 72 80 58 7 83 26 59 70 47 40 21 75 36 30 41 88 36 58 54 5 5 20 49 12 21 18 76 88 22 39 12 29 42 100 74 97 57 87 12 1 45 1 56 40 95 91 55 26 54 32 20 75 1 28 74 38 37 9 66 63 85 93 41 63 27 99 33 73 99 35 57 36 78 14 91 40 1 31 15 64 7 87 51 97 78 50 40 19 98 98 85 3 10 76 94 38 38 39 31 77 48 91 66 5 4 71 25 32 75 29 82 20 42 75 95 78 82 81 46 2 61 87 90 39 28 99 4 25 74 82 24 72 77 39 
5 32 59 19 71 3 44 56 71 46 54 42 32 41 9 7 35 72 34 11 19 46 59 62 79 86 14 71 7 5 79 58 85 74 34 4 93 14 21 64 97 28 47 20 60 74 82 83 10 73 39 35 80 28 21 24 47 20 76 34 78 65 98 39 9 2 93 50 26 74 16 6 21 74 86 60 96 23 65 76 3 89 65 37 11 64 20 9 3 69 59 18 75 79 72 12 41 100 61 24 62 3 97 39 65 81 49 15 67 96 33 59 61 38 55 65 61 52 90 80 14 21 84 95 40 57 58 5 62 16 25 28 39 84 82 15 52 75 2 70 52 21 21 55 55 32 36 37 17 12 7 32 42 99 27 43 58 46 45 65 79 86 2 77 14 18 72 86 97 80 82 36 61 58 53 8 16 36 53 47 28 22 68 50 7 51 86 57 75 50 59 76 19 21 11 78 81 23 6 92 
91 30 26 41 26 90 53 85 82 53 70 18 29 50 42 47 70 73 50 43 81 87 36 71 96 27 84 96 22 36 16 83 66 89 26 32 35 35 40 73 82 45 62 38 8 47 30 79 37 67 81 53 93 69 77 52 45 82 12 60 64 92 27 48 91 20 8 5 84 97 19 78 93 42 97 42 40 63 86 22 14 65 63 86 76 13 58 28 40 27 3 37 68 21 75 14 40 24 96 20 89 19 47 32 68 98 19 12 64 78 37 67 64 98 44 11 85 8 34 31 96 32 71 86 51 73 85 83 38 13 9 66 100 48 76 11 77 91 7 14 55 3 1 67 22 85 16 76 19 35 43 42 43 33 59 99 79 76 75 64 59 12 25 19 97 88 73 83 51 4 61 90 9 34 39 43 38 95 27 44 37 61 61 90 42 3 54 93 20 87 4 34 83 35 27 24 94 92 33 58 
6 66 90 85 36 10 32 56 41 90 23 41 35 36 21 25 46 19 82 20 64 26 21 12 26 69 1 7 97 95 15 33 20 36 8 39 15 78 43 88 77 29 27 52 21 59 17 58 75 89 30 15 29 14 54 67 26 29 84 98 41 54 95 97 62 62 50 29 28 62 21 87 15 29 59 95 56 64 18 40 26 35 38 33 55 98 22 34 2 48 99 99 63 57 94 35 26 12 38 37 82 100 20 67 75 25 77 77 81 40 62 56 66 76 5 60 40 30 60 2 78 56 3 76 81 19 71 38 42 74 8 15 61 43 14 58 2 34 72 85 17 17 11 91 41 47 65 37 58 44 14 48 54 6 75 2 86 37 38 72 78 64 61 25 72 21 84 62 81 52 58 10 84 67 72 13 48 10 97 23 35 14 5 67 90 22 32 66 16 92 81 27 24 90 66 98 31 87 49 71 
89 59 79 18 85 47 11 1 12 93 52 56 46 88 86 78 88 80 38 58 78 14 13 82 83 32 77 4 45 37 41 18 74 69 5 88 50 21 99 39 29 6 37 67 42 8 15 45 17 80 100 23 93 64 86 7 46 68 22 48 55 31 43 42 92 100 21 18 98 81 57 11 9 67 15 80 55 43 98 71 29 99 58 46 36 97 44 45 61 48 32 85 39 60 92 96 66 93 64 46 70 36 24 73 16 24 15 60 3 99 97 28 54 16 4 20 58 53 70 93 3 28 81 29 97 30 32 92 13 25 59 68 35 64 86 68 37 76 94 88 85 2 8 70 16 3 94 47 96 33 15 51 95 29 96 73 15 60 11 100 59 57 49 76 42 6 55 69 73 37 55 71 32 39 76 16 75 65 67 78 4 22 41 52 49 31 92 11 45 95 66 89 54 46 37 41 68 15 3 89 
83 68 93 98 42 99 13 68 26 8 42 44 74 3 52 39 71 20 99 93 72 42 1 46 71 17 43 35 31 75 12 51 87 63 90 70 65 48 57 23 3 68 45 5 79 40 94 96 88 62 2 83 12 20 91 90 100 74 11 82 45 86 56 11 18 85 82 69 94 65 36 99 66 29 79 37 47 17 47 45 19 51 23 34 97 79 76 52 9 23 36 45 38 47 73 59 87 17 25 89 35 41 98 36 31 42 56 29 86 24 85 58 99 61 20 62 90 8 88 90 70 14 39 12 12 90 36 10 29 25 42 51 89 46 72 25 87 71 100 95 55 16 94 90 2 7 24 38 47 75 42 34 28 93 82 66 93 57 10 92 30 33 64 72 92 81 91 5 24 74 7 22 87 4 24 89 46 39 9 78 94 29 81 19 28 17 27 74 99 62 31 95 64 13 60 72 23 8 95 76 
5 23 16 13 61 59 86 53 1 79 76 23 82 72 84 36 84 63 53 77 44 1 2 76 42 71 77 29 15 54 78 83 46 2 82 15 74 21 34 69 39 13 34 90 94 1 44 96 3 93 84 68 13 41 13 46 63 49 58 24 39 48 100 75 76 31 49 54 16 11 69 6 22 3 63 85 86 10 93 4 70 62 79 35 48 74 60 72 98 42 57 26 24 63 48 12 40 6 99 83 99 43 45 51 66 44 2 34 81 74 9 46 9 44 20 18 30 28 83 67 15 70 66 95 38 39 42 15 82 69 68 53 78 85 13 26 72 53 12 64 7 29 30 66 77 74 4 68 95 85 95 40 95 46 100 82 40 53 81 75 88 40 32 93 3 73 7 29 25 100 77 22 88 45 19 38 3 48 22 85 24 85 99 20 24 1 67 12 43 42 13 62 61 41 53 17 23 37 17 86 
49 85 58 61 20 96 62 99 69 30 45 83 69 5 79 69 73 61 39 100 40 63 99 86 69 91 28 87 69 82 82 14 73 86 77 30 72 97 23 24 7 30 65 41 68 96 57 96 26 27 95 53 58 65 75 1 56 15 69 40 98 8 19 48 62 51 2 26 8 94 24 34 30 81 67 100 88 87 99 13 91 31 2 85 53 5 55 21 67 69 77 74 10 55 88 21 33 70 82 78 45 94 61 24 14 36 2 84 93 59 23 5 100 80 1 13 7 52 87 64 24 7 49 55 87 22 81 58 32 80 28 26 85 3 26 1 15 49 94 74 97 45 78 35 77 86 33 26 32 8 35 87 86 39 77 30 70 21 77 45 37 19 31 40 29 35 41 70 67 35 66 74 77 37 62 73 84 43 53 2 65 63 50 12 57 86 8 19 11 71 97 5 31 6 13 3 96 44 56 15 
96 32 79 21 75 3 12 43 48 44 13 21 51 26 68 38 47 98 97 81 49 46 96 59 79 81 37 60 71 81 88 12 98 63 47 6 51 1 46 72 39 77 78 6 5 21 81 71 53 98 63 63 43 96 78 85 12 33 16 55 27 50 68 19 79 44 63 12 49 8 39 6 3 28 98 64 70 64 18 23 32 72 98 97 40 47 72 66 71 69 82 61 24 99 31 28 8 83 51 81 30 47 65 7 24 51 58 59 7 32 21 14 11 51 14 96 18 73 77 100 1 45 14 82 30 18 94 66 39 98 32 25 56 98 80 55 86 98 55 41 42 70 92 66 67 36 66 44 87 19 42 64 58 72 93 86 30 79 86 4 24 36 5 62 79 99 34 72 19 97 100 50 7 78 70 32 68 63 75 5 37 58 47 50 17 46 89 54 48 87 26 84 25 42 28 50 45 10 5 59 
68 70 35 35 59 11 99 31 74 49 80 59 30 77 78 57 66 99 71 55 22 58 74 2 24 99 91 88 18 96 57 23 52 98 100 67 30 26 8 9 73 52 70 59 20 49 54 28 83 33 36 14 63 57 11 15 27 18 13 24 11 91 98 20 70 72 64 95 29 34 19 34 76 83 18 56 52 50 50 72 16 63 42 96 84 85 47 3 54 81 100 97 33 13 100 56 17 5 51 79 33 1 67 5 90 61 41 99 19 33 57 100 28 40 11 29 75 55 87 84 87 45 63 22 12 5 1 7 65 91 66 13 22 29 4 84 37 37 60 68 27 12 7 35 49 36 23 37 29 98 74 42 61 66 24 90 87 5 84 8 22 76 61 92 62 81 35 86 3 33 36 5 91 40 11 90 82 26 33 45 98 21 27 27 82 9 49 23 11 29 4 22 68 60 81 47 64 11 82 24 
82 49 94 78 18 14 85 21 66 96 46 69 60 7 69 99 100 45 63 31 80 80 83 30 87 70 19 41 46 75 14 78 55 45 19 48 34 53 57 66 6 6 48 79 42 99 58 7 81 74 84 95 4 49 32 94 79 6 82 82 15 74 99 49 6 30 29 89 39 91 74 20 53 33 14 34 41 71 22 26 56 49 64 9 11 20 48 95 2 81 98 15 28 6 43 31 16 36 83 50 58 41 86 85 69 25 6 91 96 48 71 89 95 88 67 1 9 26 32 12 42 49 47 72 76 76 72 84 52 9 58 57 54 6 17 43 99 76 58 10 70 49 82 87 49 77 7 42 45 91 88 30 97 81 63 15 38 91 72 13 13 70 100 57 47 78 53 84 72 43 69 53 53 56 43 58 48 94 6 11 44 87 26 92 1 12 84 64 59 98 90 49 21 76 58 42 74 51 15 97 
70 46 26 94 27 81 36 47 82 22 61 27 48 3 91 75 34 65 54 18 22 19 24 98 98 43 36 77 14 21 74 9 31 35 43 82 62 18 49 32 25 52 59 11 6 70 55 71 85 97 1 74 86 33 5 24 69 37 77 15 5 37 99 69 46 46 6 55 100 43 100 66 93 34 57 5 96 21 58 57 28 32 83 37 46 46 55 91 69 79 22 16 60 35 38 87 40 2 53 16 16 65 11 1 54 63 44 70 58 92 6 14 35 44 61 67 1 47 95 29 9 50 84 44 73 1 11 80 85 57 43 46 41 74 53 79 50 17 68 3 74 54 39 73 30 98 18 7 31 9 49 24 50 46 42 87 98 9 77 97 9 65 72 54 95 85 14 62 6 64 17 52 66 47 70 20 70 39 59 72 61 80 51 88 82 18 65 24 66 95 31 82 5 18 47 42 29 100 62 6 
78 65 51 50 91 100 42 39 58 18 44 88 16 78 88 64 58 51 71 88 2 88 88 64 75 59 20 52 8 31 32 2 38 26 67 44 55 7 87 41 49 71 20 46 13 25 74 53 12 98 19 94 87 66 13 36 8 26 62 41 58 4 69 40 92 68 79 47 28 25 91 8 8 80 93 91 3 60 29 96 35 28 10 12 51 1 16 61 18 53 37 11 84 63 43 90 51 68 98 37 59 63 60 55 22 73 8 34 8 66 80 36 13 6 95 61 95 98 51 43 16 76 95 40 60 12 80 88 94 89 44 39 35 70 71 64 68 92 38 12 73 36 16 95 81 79 62 48 45 68 22 15 26 99 13 19 12 63 59 54 11 15 24 39 76 93 22 37 25 38 46 58 42 84 4 24 32 90 89 18 46 48 68 72 51 87 55 35 80 87 16 61 89 28 27 53 8 81 30 69 
99 61 19 78 25 97 71 9 80 71 40 15 78 41 61 11 8 66 92 85 6 67 26 48 13 23 33 65 55 35 85 10 42 40 82 99 30 68 64 15 29 45 55 92 4 95 5 98 3 49 96 34 90 94 79 33 32 7 26 64 3 57 41 95 16 26 87 58 15 60 42 76 94 10 10 91 2 88 99 56 5 74 94 47 27 13 21 31 52 9 38 12 13 56 57 2 12 28 54 14 3 86 35 18 22 40 99 54 96 70 65 30 59 28 76 70 2 6 11 99 97 26 73 73 91 68 68 42 90 6 72 53 52 48 87 76 16 24 41 38 28 59 12 61 90 77 20 69 28 16 91 75 45 54 29 68 73 52 14 39 25 46 1 84 74 37 9 38 2 92 82 20 48 74 22 67 13 40 75 94 26 98 11 16 83 22 82 30 21 10 81 8 45 38 92 83 25 80 73 16 
92 8 35 18 91 38 61 100 63 45 32 38 74 78 52 94 38 30 70 65 20 91 62 60 29 77 92 47 46 68 19 83 5 60 40 3 36 55 59 32 4 89 54 64 43 62 25 41 60 62 18 18 68 65 80 70 1 35 100 10 26 14 94 12 23 23 24 50 80 97 13 13 52 2 16 54 78 81 29 24 97 36 83 13 61 90 80 12 39 11 8 53 87 88 32 18 29 21 44 93 88 43 57 35 18 50 58 30 76 92 20 28 93 33 72 91 6 31 39 2 21 40 12 49 19 22 22 18 24 3 32 49 36 19 79 40 42 22 3 10 99 70 32 67 33 16 27 97 31 85 29 96 92 90 42 7 65 82 51 30 30 51 29 23 100 3 14 53 63 18 54 35 49 82 25 18 30 31 72 90 2 28 27 55 9 85 85 42 97 98 44 90 59 17 43 39 36 88 56 66 
82 14 22 29 96 15 94 47 57 86 99 25 36 11 43 42 83 76 6 83 26 87 3 23 55 13 12 90 23 82 48 76 56 21 20 4 82 18 32 98 30 84 40 85 82 69 28 32 41 30 2 91 21 72 55 93 24 80 50 89 82 23 45 96 82 44 1 5 86 80 23 50 66 43 17 41 39 44 75 27 77 16 2 53 6 2 87 35 67 82 85 82 41 91 6 90 46 14 71 48 20 49 52 51 68 6 73 25 66 20 98 6 55 6 65 11 68 21 66 95 50 23 98 85 86 26 86 70 7 20 12 58 30 96 52 28 33 48 88 38 86 1 21 93 74 12 60 95 95 72 67 71 31 44 20 18 59 43 34 21 87 9 72 4 23 27 63 88 34 99 16 61 37 54 84 81 28 28 76 72 70 77 72 48 99 43 91 9 12 45 100 80 43 78 6 86 80 70 78 72 
39 12 8 36 74 72 57 34 39 2 21 1 12 8 31 5 100 27 95 88 41 86 76 10 79 77 48 62 95 43 17 23 84 22 78 43 67 92 8 64 45 46 91 67 85 83 86 93 3 27 18 80 83 26 9 9 57 46 54 43 76 75 37 53 30 39 14 57 3 29 64 21 82 37 10 24 28 97 39 56 48 22 15 62 63 56 92 21 27 4 58 44 67 1 68 23 34 81 88 93 65 59 9 55 27 46 16 9 89 33 25 34 79 82 88 23 82 46 97 13 21 54 22 60 76 34 21 75 15 46 65 32 65 70 2 5 61 74 93 48 22 9 7 61 22 64 73 73 42 39 41 2 45 19 9 70 89 69 27 18 6 93 78 39 45 32 63 71 51 53 87 74 82 65 61 39 2 50 72 38 90 100 53 5 97 35 11 69 88 45 79 40 100 30 36 14 21 46 24 46 
54 94 84 65 41 31 93 12 91 55 31 80 30 65 29 62 58 16 3 43 76 16 65 69 65 97 22 24 99 59 45 64 3 6 55 26 6 6 23 86 67 33 29 91 36 36 63 13 81 73 14 3 63 86 15 10 86 67 56 67 72 30 70 92 78 48 19 30 3 45 8 57 57 57 73 9 60 64 71 37 38 54 65 35 99 12 7 30 83 27 75 68 82 56 81 1 68 4 94 11 43 26 92 81 60 11 8 50 11 58 44 32 4 53 35 89 57 8 41 59 71 84 5 87 30 66 9 59 66 99 40 41 64 12 37 51 8 79 61 8 72 48 71 31 59 32 40 99 8 95 19 47 79 69 44 26 21 48 96 14 52 22 52 44 10 98 61 41 85 67 72 63 87 99 10 83 12 19 8 25 33 27 85 59 69 47 53 22 27 71 60 58 60 3 61 58 12 60 63 52 
57 60 90 53 58 30 7 83 52 82 35 69 89 76 58 7 40 23 90 76 41 52 41 45 15 21 39 35 81 57 69 36 73 81 90 51 69 3 19 90 36 61 64 49 7 60 47 100 67 57 56 8 59 83 35 92 7 55 73 49 68 23 39 100 8 50 29 88 55 18 24 11 55 82 92 40 60 24 67 89 59 34 43 18 43 28 52 19 67 37 45 4 85 79 63 7 81 26 84 27 68 76 89 54 86 58 86 70 7 60 81 70 88 98 23 83 39 39 76 58 12 40 57 70 56 90 60 29 97 82 23 20 5 84 40 29 74 70 63 26 37 16 27 10 23 88 36 66 21 85 11 16 12 72 99 27 37 54 100 41 63 58 4 94 54 61 42 84 30 56 78 86 22 68 44 18 2 7 30 3 34 8 45 25 76 21 72 52 23 3 57 10 6 53 21 59 89 66 67 29 
22 95 57 51 58 35 96 89 67 74 71 18 12 83 14 14 64 77 78 74 94 63 58 15 41 34 99 37 83 68 52 78 66 6 92 95 23 32 77 39 78 32 47 34 35 95 74 99 12 82 37 20 11 51 61 44 79 12 53 3 37 25 50 75 47 31 49 62 34 70 70 11 64 53 67 21 62 97 62 89 9 91 59 97 79 3 28 19 31 77 90 71 46 56 17 21 96 18 88 47 97 55 1 53 85 69 53 9 50 73 42 52 83 56 92 82 10 74 92 12 73 97 88 14 19 16 16 58 11 5 53 81 9 72 69 85 14 69 91 19 77 91 40 35 22 69 85 64 68 95 85 32 29 66 82 50 84 58 87 89 15 6 92 84 31 28 86 47 66 73 8 66 1 86 38 39 72 3 2 92 37 97 4 72 91 4 12 95 56 65 64 36 5 21 89 98 66 55 38 8 
94 46 15 22 34 74 89 34 4 91 28 100 41 91 4 49 22 35 26 49 12 7 32 39 24 73 20 54 18 75 12 50 49 75 82 64 91 86 27 95 6 51 33 74 24 95 78 75 85 36 30 64 94 39 64 42 64 59 4 39 83 1 25 42 15 89 32 6 45 54 29 32 41 23 48 8 77 13 35 27 53 2 87 80 5 68 15 6 72 97 83 20 55 35 78 5 61 12 64 4 76 66 51 73 6 61 12 73 60 52 79 63 91 47 37 6 31 82 17 93 57 86 67 82 18 24 69 95 48 94 69 3 30 73 10 56 75 99 92 56 24 26 19 19 79 65 17 12 70 66 66 29 62 29 33 39 94 29 44 57 57 87 22 1 91 46 33 41 11 27 87 99 6 1 93 87 56 59 39 78 87 45 13 20 41 82 98 24 13 3 71 69 11 72 30 7 43 67 95 100 
66 12 81 43 78 58 56 21 86 49 69 89 24 70 11 55 11 92 89 55 78 82 13 76 71 42 76 39 38 76 78 4 51 71 63 8 67 33 33 32 12 62 86 91 32 11 27 56 21 8 82 43 37 57 53 28 10 25 33 99 8 72 96 67 16 29 52 9 25 79 60 54 13 1 6 35 87 32 79 20 83 2 20 86 95 42 11 74 9 11 59 80 37 46 88 86 49 55 49 95 86 1 83 64 32 45 64 29 98 26 85 39 31 57 14 67 28 30 49 86 10 28 9 61 1 43 90 37 29 18 35 10 27 8 23 71 2 68 50 99 14 23 32 54 13 34 72 1 5 7 17 94 4 11 10 29 40 37 88 73 83 27 21 98 3 74 77 31 54 90 42 2 64 8 6 31 50 17 68 49 1 69 49 4 53 76 48 98 23 54 25 49 48 2 72 3 4 44 44 53 
66 45 17 21 87 73 75 82 11 83 94 97 69 87 64 8 3 89 71 100 80 87 52 61 49 36 30 32 53 10 48 74 38 26 14 51 91 29 90 88 49 14 1 63 34 95 95 70 100 78 24 34 78 57 73 82 31 74 6 9 17 14 81 16 67 35 70 16 53 16 12 1 24 25 36 12 91 77 45 45 18 29 19 18 78 10 100 55 37 92 35 64 26 6 38 92 81 93 57 55 83 6 83 67 91 66 26 4 22 39 19 83 35 93 1 93 67 98 70 27 26 66 87 18 15 45 35 90 5 73 88 2 61 26 18 27 9 20 97 15 79 47 49 15 39 20 19 65 68 49 26 82 66 25 60 87 58 98 22 17 25 28 9 90 3 54 79 32 72 83 69 31 27 21 38 60 13 63 22 4 77 19 100 32 78 68 13 65 15 42 97 100 27 14 91 8 10 58 10 80 
63 52 32 77 83 95 54 79 49 75 78 56 14 41 54 14 33 74 47 57 74 8 71 55 58 29 98 47 17 64 59 66 36 95 57 10 43 98 77 24 27 30 65 50 97 10 32 65 36 81 50 16 54 10 18 35 99 66 78 28 53 9 94 90 64 74 40 12 85 60 5 98 2 65 87 7 40 61 16 58 60 84 8 83 93 97 95 48 62 34 21 92 81 63 59 41 58 10 4 73 60 76 44 86 61 45 9 6 79 8 98 53 1 65 67 79 2 62 3 40 26 14 61 85 84 44 28 39 30 78 70 3 11 46 77 1 74 91 91 32 52 77 22 21 48 7 9 10 76 88 49 76 75 45 25 13 22 39 3 45 79 39 43 52 64 54 95 4 25 50 75 84 16 53 69 4 41 49 32 46 28 18 83 22 95 60 26 96 64 36 87 64 73 77 2 31 3 15 22 47 
63 96 85 6 47 35 100 80 69 26 33 95 81 9 29 55 39 48 41 76 93 23 82 53 14 7 93 5 78 43 4 84 74 55 96 85 47 19 2 22 11 75 61 19 26 40 79 93 94 92 30 31 86 94 7 98 94 45 63 63 2 50 41 61 40 97 23 43 20 12 89 12 23 29 25 50 99 81 89 12 20 17 57 3 7 60 90 2 46 20 60 11 88 54 43 92 90 77 49 95 46 93 29 12 84 91 16 3 36 93 12 17 88 73 5 55 87 64 52 86 99 19 50 35 57 86 52 21 17 70 63 43 22 8 28 31 22 17 53 4 21 38 3 83 75 76 78 11 76 97 95 89 70 16 35 79 38 1 97 57 19 96 42 21 4 2 77 83 67 17 22 62 94 27 27 12 57 80 26 7 15 37 47 37 79 18 81 99 4 50 44 79 47 86 37 69 49 61 91 21 
92 51 33 2 63 26 47 66 60 82 50 100 70 81 19 26 5 74 56 77 9 38 64 85 73 8 89 34 86 25 97 99 54 51 53 8 10 37 14 91 16 24 62 84 91 66 40 85 71 99 12 61 16 84 80 9 46 93 24 76 91 92 73 63 27 61 82 19 2 94 63 12 10 43 49 3 100 39 47 60 69 25 35 65 19 85 26 61 46 26 84 83 79 70 84 55 22 82 32 20 55 62 93 10 5 48 81 62 75 41 61 45 15 51 65 41 6 91 95 57 34 10 78 59 20 78 7 81 77 68 72 35 77 36 63 12 39 50 16 68 37 49 19 29 52 37 59 26 79 62 88 85 53 47 60 42 47 63 43 79 72 69 100 45 43 31 84 38 20 59 3 86 59 47 85 46 33 1 31 8 25 37 11 62 100 11 74 46 64 69 88 18 91 36 17 34 74 95 40 93 
13 53 35 45 28 2 51 23 41 66 4 28 28 88 6 14 60 32 84 4 33 8 17 2 41 87 87 99 97 34 13 22 12 88 52 25 95 36 90 50 14 40 51 50 88 56 42 60 25 4 64 61 43 44 58 59 61 39 4 25 31 56 49 59 78 4 7 47 77 16 97 3 34 89 93 67 82 46 24 69 44 16 72 53 39 1 78 11 66 12 35 84 75 38 70 66 85 47 62 68 52 20 3 25 72 100 35 25 33 97 63 51 27 38 24 29 34 13 69 99 19 50 78 81 73 52 8 68 54 16 61 100 35 89 69 60 7 42 35 41 65 44 75 40 96 73 78 81 20 50 70 29 61 63 82 99 11 52 99 66 14 16 79 3 11 88 63 94 59 23 23 51 42 82 34 11 60 71 82 45 87 93 28 11 96 4 29 52 94 28 34 63 40 3 69 22 23 93 75 59 
31 98 88 42 83 24 41 59 79 18 62 74 26 11 43 47 30 18 37 80 31 54 13 79 94 88 94 20 48 50 71 89 57 50 12 29 61 80 27 75 92 64 96 24 39 34 17 70 87 78 2 59 53 46 90 79 18 88 100 83 68 24 6 1 30 15 64 61 72 70 74 71 37 35 11 23 52 96 40 9 75 60 1 4 76 56 15 41 49 81 25 13 70 6 13 72 77 68 35 4 77 8 96 79 31 16 39 71 95 99 88 93 41 60 75 96 83 54 56 8 98 35 29 92 78 18 27 1 16 56 10 55 34 73 40 24 89 47 60 27 100 97 81 3 7 97 87 66 14 10 47 62 33 24 70 97 91 69 25 17 84 23 6 38 42 75 64 16 1 43 21 94 39 58 33 54 1 82 64 99 59 62 90 50 55 11 62 85 9 24 23 40 44 94 94 7 7 88 98 23 
31 34 60 7 55 56 79 80 96 14 35 3 96 51 62 4 99 62 91 5 27 14 56 21 14 71 93 8 96 65 98 69 48 43 69 83 14 83 61 87 27 2 63 20 14 41 94 69 28 63 18 68 55 100 71 69 44 26 24 57 68 1 5 21 46 12 69 20 72 58 5 13 19 15 66 5 81 60 89 53 88 15 48 62 16 2 43 74 55 20 40 27 86 88 50 74 18 83 85 45 98 11 76 78 50 94 75 51 59 87 73 73 63 83 9 13 87 48 81 20 5 19 49 99 89 70 78 41 42 91 20 79 23 81 20 70 61 73 37 11 20 81 65 10 56 53 43 15 68 26 86 27 96 5 85 32 73 40 35 71 50 67 84 54 100 12 98 95 26 9 42 30 82 91 59 99 74 32 74 84 42 73 93 87 27 26 69 49 14 10 73 100 40 45 10 67 18 89 94 48 
4 75 54 72 32 59 33 49 8 4 69 59 46 24 93 85 59 30 9 76 4 32 72 92 76 49 40 62 66 51 49 78 27 13 37 27 76 74 56 68 16 66 49 54 68 77 27 7 42 55 76 67 37 68 40 25 69 79 88 98 78 36 8 10 76 27 73 38 71 4 50 81 16 80 86 45 72 24 14 1 41 83 79 22 77 27 5 18 25 97 78 56 19 82 99 53 9 57 21 37 92 82 37 24 68 67 15 6 71 81 46 60 30 69 20 38 7 11 71 30 78 59 23 48 4 30 37 59 8 43 23 59 53 50 82 30 36 45 63 41 78 26 75 89 83 53 8 38 13 57 8 77 88 34 17 81 90 80 36 24 59 68 30 88 100 70 1 65 28 2 14 37 71 43 72 58 34 11 37 46 24 45 63 57 5 48 12 16 70 9 47 100 56 10 16 95 61 48 94 84 
68 7 36 28 24 3 20 32 16 84 17 80 29 14 7 77 15 37 71 46 44 85 55 17 36 94 1 47 78 26 28 20 28 92 47 45 5 16 54 15 73 94 37 19 23 18 16 5 40 57 55 72 66 1 56 23 17 57 50 54 3 86 65 77 70 50 67 82 68 6 87 53 12 33 64 90 75 80 100 95 79 13 92 66 41 18 58 61 51 71 46 2 60 91 7 41 25 44 39 66 32 3 100 24 36 7 45 12 83 39 8 42 43 80 73 96 71 3 29 85 97 95 99 78 53 94 85 4 20 5 18 94 20 7 45 4 64 74 10 25 87 39 10 66 2 23 29 12 26 55 74 75 27 2 39 90 11 7 32 49 64 18 22 57 21 1 59 81 67 85 50 51 41 5 77 19 98 60 78 51 5 63 63 73 26 96 28 42 92 89 41 9 22 89 71 59 3 71 31 19 
53 26 25 74 7 48 82 32 33 63 45 42 16 33 17 70 80 3 2 95 65 58 93 58 88 79 32 61 48 64 52 39 82 23 44 53 63 99 33 70 82 25 18 92 80 63 72 9 14 46 36 85 12 84 38 40 6 59 32 81 36 66 23 34 58 1 67 65 34 99 25 86 90 88 94 22 24 90 28 14 31 7 29 95 55 50 86 64 10 74 45 37 42 39 89 67 77 20 9 81 3 8 88 33 18 28 54 63 50 91 29 82 60 41 93 86 40 6 28 14 99 14 22 97 89 62 58 5 15 23 56 95 39 32 80 40 93 46 24 28 49 54 47 42 57 55 47 76 7 28 10 7 62 75 7 29 38 80 73 67 37 89 86 48 74 5 92 8 66 8 58 99 19 7 36 34 27 12 79 41 87 77 64 13 57 98 12 19 85 52 70 39 84 12 59 22 80 94 44 54 
5 8 64 86 16 92 74 70 63 25 57 76 51 52 92 23 21 15 9 61 99 50 27 94 55 82 74 91 97 50 96 25 95 97 89 34 80 1 39 59 98 42 30 70 54 22 13 81 37 93 61 90 76 88 56 97 89 96 82 16 47 75 77 6 33 68 26 31 31 22 30 11 34 7 89 32 22 58 35 78 42 26 31 41 99 32 66 91 13 94 92 77 54 45 86 46 18 38 1 87 11 85 24 72 12 35 31 47 58 54 81 1 1 71 32 73 76 53 88 8 19 40 85 95 8 50 50 36 64 1 81 10 79 33 85 44 35 32 64 52 89 96 41 53 31 69 82 34 97 20 52 28 5 100 53 9 79 62 33 100 53 25 73 89 2 35 13 97 4 58 79 38 38 6 92 48 54 84 7 43 32 93 44 86 4 12 5 87 89 11 39 54 19 23 62 41 12 77 24 28 
57 96 84 86 60 51 85 42 98 81 9 1 100 40 17 59 57 60 46 7 98 3 92 10 56 81 93 65 23 32 28 48 31 50 9 20 72 95 94 24 66 11 74 62 10 86 28 94 92 30 22 26 46 79 43 20 9 35 22 17 26 32 91 26 54 22 39 8 90 14 41 32 71 30 6 46 85 7 8 10 94 50 39 38 45 71 19 53 67 74 92 80 98 60 78 44 89 46 14 65 44 35 26 82 50 94 12 52 44 86 32 77 92 75 8 89 81 53 37 76 30 84 60 54 37 58 24 29 75 84 72 38 60 53 29 51 2 2 17 77 18 92 61 15 91 27 11 7 6 69 79 91 60 48 26 4 30 57 86 56 84 59 13 29 74 2 77 50 47 9 31 30 58 60 96 13 64 41 98 17 76 63 4 70 44 73 93 89 27 52 15 49 11 91 43 10 12 86 87 6 
16 61 16 27 22 16 9 46 88 5 86 87 25 13 26 26 99 60 31 96 17 37 51 92 58 29 30 100 90 92 4 85 54 27 92 98 72 100 65 13 91 5 35 43 5 49 91 9 81 91 11 8 79 98 84 98 61 41 96 76 54 48 69 58 69 62 73 24 7 58 53 72 77 15 3 53 41 97 11 9 39 9 46 78 11 82 38 37 85 46 70 98 61 41 65 82 15 59 93 23 75 17 44 53 59 10 66 14 4 38 17 27 94 2 15 34 70 45 87 57 75 8 69 56 26 66 18 49 29 12 6 24 35 99 66 10 79 43 86 11 63 56 99 83 84 24 58 99 86 50 3 67 86 70 82 66 76 1 89 23 9 21 85 16 2 31 18 6 66 96 21 66 17 4 41 93 1 7 94 10 21 17 63 44 38 66 60 61 57 100 62 37 4 34 8 77 86 68 13 67 
75 35 17 62 33 9 51 85 25 96 18 79 64 62 80 33 23 15 69 79 2 25 26 78 47 54 15 97 78 3 37 11 20 96 20 25 7 36 91 77 78 53 69 35 83 10 86 46 86 16 67 32 61 4 57 43 10 84 39 88 75 32 92 81 33 100 5 43 62 56 99 47 58 69 24 14 35 34 79 15 26 18 75 17 40 48 41 23 31 36 56 92 96 94 56 99 14 26 11 13 7 65 85 31 57 19 85 47 54 96 54 47 70 93 32 16 3 48 99 72 62 76 33 65 34 87 47 36 11 75 87 61 14 64 77 78 95 52 41 76 56 42 11 95 95 4 61 30 6 58 39 54 86 28 42 16 16 86 92 80 53 55 54 96 63 21 9 18 86 84 97 4 95 96 50 34 8 75 49 50 7 51 44 26 45 20 98 28 93 87 7 62 87 90 55 58 94 50 6 47 
18 34 25 92 62 5 62 84 48 65 19 78 8 54 34 19 71 94 8 95 16 86 88 26 53 23 26 75 100 36 75 19 72 68 60 51 86 26 33 30 51 56 41 9 97 71 11 2 99 55 53 73 19 46 41 96 94 68 59 29 41 14 1 10 8 79 50 78 73 33 85 41 100 95 64 62 46 92 50 38 76 58 66 44 82 51 90 70 61 90 54 3 5 41 10 28 96 3 7 52 80 81 26 67 71 44 49 43 93 14 5 59 45 98 68 93 73 89 35 16 42 33 95 10 94 67 36 25 68 49 73 64 4 34 56 9 40 23 6 41 99 76 44 72 12 25 80 12 86 10 84 93 32 38 39 10 78 23 76 60 41 64 88 86 100 32 79 91 60 59 75 100 30 2 49 85 91 2 96 83 92 91 81 3 93 87 88 7 61 72 64 49 75 6 7 84 75 10 16 74 
82 74 46 72 4 98 55 33 79 46 33 79 16 32 54 89 65 79 24 58 97 47 16 78 38 81 45 30 20 16 43 99 74 58 34 81 69 81 44 37 74 85 78 42 71 17 95 60 52 5 55 60 74 19 83 64 57 43 94 40 77 41 77 82 95 59 89 58 51 7 29 54 20 63 29 63 30 19 19 28 58 21 3 88 62 16 17 22 90 56 78 25 68 37 85 63 41 48 86 66 13 68 66 16 25 36 70 74 86 48 8 43 2 60 54 90 57 67 14 46 56 59 81 7 27 15 18 27 8 12 29 15 61 61 80 47 65 77 34 56 16 9 11 98 49 5 60 55 8 41 28 17 39 62 8 15 68 46 73 18 52 54 11 36 10 77 82 5 68 98 98 10 3 43 49 90 58 91 79 56 6 51 75 1 79 42 18 72 23 50 81 13 44 28 36 85 33 100 66 16 
28 30 4 33 36 73 3 58 87 71 24 68 40 42 28 51 91 11 58 31 73 56 55 29 5 85 80 41 83 25 66 45 12 97 19 6 46 83 66 46 50 44 52 22 51 45 29 28 36 10 17 91 12 92 51 9 47 71 21 79 13 24 72 84 86 75 93 86 82 81 26 48 59 47 71 6 46 23 81 86 71 85 9 76 13 16 83 92 63 28 98 53 79 55 5 46 78 24 71 64 57 71 12 49 5 29 57 91 62 50 54 72 93 67 53 68 27 61 43 37 91 53 31 65 47 87 58 46 77 21 23 17 43 2 99 6 33 98 69 55 47 56 11 38 98 59 68 75 13 14 60 82 93 47 66 48 28 32 12 89 2 69 72 22 24 59 97 21 64 17 60 85 11 6 63 29 98 64 38 13 76 30 98 86 59 31 27 37 67 31 16 70 36 61 56 35 59 61 22 95 
70 46 39 18 92 91 83 34 26 43 27 29 44 49 56 66 87 85 92 59 27 71 74 31 73 38 38 76 23 94 40 14 71 35 71 69 79 69 27 54 32 54 1 69 99 90 36 4 33 66 67 71 5 61 74 90 87 84 55 53 97 25 47 26 71 33 12 44 22 28 28 99 23 8 40 87 78 12 44 81 75 1 41 95 28 11 91 44 40 17 63 49 17 8 32 27 81 25 86 99 51 72 22 84 80 33 1 86 55 32 14 74 82 94 49 18 67 92 23 73 43 95 17 89 43 71 37 43 36 90 36 7 87 46 7 64 10 7 68 54 28 1 76 13 66 38 6 80 3 58 68 87 32 54 63 58 48 62 92 2 2 85 3 17 72 9 92 83 43 76 61 18 26 41 89 21 21 49 78 15 19 98 52 81 1 83 33 21 89 74 66 44 13 37 70 59 24 6 52 11 
94 73 45 41 20 59 84 73 42 7 47 64 72 4 84 17 89 93 12 78 100 29 38 51 53 48 74 96 31 53 76 52 29 99 71 19 85 38 5 64 34 21 23 76 26 71 56 67 64 35 41 55 83 91 54 9 49 37 29 92 67 3 19 7 65 50 29 88 13 60 66 33 21 97 36 65 24 28 38 83 76 58 92 55 94 43 55 58 6 19 10 9 1 90 79 87 67 85 92 63 44 3 83 8 13 82 49 51 90 46 85 22 2 96 45 38 26 1 42 14 73 65 89 56 83 67 60 84 38 6 67 50 49 39 33 28 30 44 24 64 40 42 43 39 11 59 84 51 80 51 71 25 91 97 8 11 20 69 87 66 93 29 67 83 58 7 75 95 21 85 97 100 41 58 2 56 28 75 55 29 58 61 21 91 86 71 8 36 80 88 91 65 99 65 31 46 35 60 96 12 
78 82 82 78 23 39 79 29 47 86 40 32 9 39 18 75 85 9 90 90 82 26 48 58 1 3 56 98 96 9 83 35 36 60 28 77 76 15 87 9 27 99 61 51 94 39 9 99 57 59 63 19 28 9 99 9 69 60 88 87 2 47 8 4 5 60 86 35 70 93 44 88 64 94 20 87 93 40 2 41 81 90 73 14 57 24 41 68 79 61 69 36 89 3 75 5 38 66 64 87 29 11 32 14 91 39 73 27 45 46 74 20 37 85 2 54 76 19 30 35 78 73 81 1 72 9 81 75 20 73 83 71 85 6 4 76 32 61 1 100 38 37 62 81 72 33 63 38 1 21 39 86 53 89 10 40 78 74 27 74 36 65 16 51 97 27 37 13 13 38 27 8 66 25 76 96 3 30 10 20 89 39 44 12 30 19 15 84 55 99 36 42 86 62 27 98 36 49 61 91 
96 5 88 61 80 41 48 80 18 81 1 62 75 27 97 2 16 28 39 23 69 41 84 92 21 99 79 27 85 32 49 1 57 72 52 61 93 70 74 58 47 5 51 74 28 90 55 36 55 76 49 73 96 54 79 25 14 36 89 45 49 52 15 45 8 68 27 72 38 44 25 6 37 84 35 58 63 66 65 93 53 46 48 76 69 97 25 18 85 54 7 17 15 84 35 78 61 67 84 59 75 79 61 82 2 64 31 56 73 46 38 2 9 16 14 96 24 84 3 28 69 58 76 20 83 6 57 21 48 32 34 60 60 18 94 100 74 87 22 55 15 19 85 34 16 63 11 96 11 8 59 81 84 76 72 14 45 2 83 93 14 55 87 81 10 88 91 94 33 15 50 67 56 94 52 91 29 87 52 67 48 79 97 68 36 25 56 83 28 89 100 26 98 78 100 64 92 60 77 41 
31 18 21 93 8 17 60 16 59 41 63 81 43 29 34 63 73 63 47 67 44 51 42 46 62 16 100 17 62 81 22 18 27 52 12 69 10 22 92 60 9 67 65 86 11 58 3 40 62 68 56 41 72 73 64 86 4 50 50 13 33 86 70 95 6 32 82 40 19 41 38 8 74 97 60 50 18 82 57 63 76 90 33 29 76 16 58 18 28 43 11 54 25 22 35 69 86 53 33 89 94 33 8 24 68 74 100 66 91 94 5 36 63 19 16 51 87 20 14 82 2 87 16 6 4 59 33 88 65 97 25 13 39 70 76 53 86 90 1 94 1 5 33 73 44 75 55 5 20 72 30 36 55 95 73 65 51 44 33 51 1 91 84 54 25 7 57 1 37 85 1 95 78 77 71 74 21 92 30 54 20 6 65 57 3 35 23 86 98 83 11 79 80 47 36 70 60 88 90 62 
88 78 49 56 52 12 93 49 71 45 12 14 37 54 63 84 15 74 46 69 16 85 86 32 46 25 81 100 34 63 64 61 56 94 34 68 58 57 58 71 98 93 34 63 58 60 79 75 39 9 75 95 93 37 97 54 62 44 64 34 36 95 92 56 23 92 10 66 76 99 22 25 30 24 22 46 91 88 100 94 37 1 99 59 16 100 88 31 75 32 40 35 36 48 43 38 76 52 19 2 32 33 38 51 44 66 14 35 22 51 45 72 100 52 70 53 87 3 36 55 76 86 10 77 89 45 80 40 88 59 2 17 94 51 3 23 41 38 75 91 82 3 94 34 32 30 86 50 100 63 85 36 85 39 3 73 29 26 29 53 3 87 92 5 52 49 95 28 71 45 53 42 96 69 44 88 45 93 37 40 15 21 78 20 85 92 21 10 100 24 25 100 74 9 91 23 72 4 72 38 
72 8 95 17 35 60 90 30 21 36 30 14 47 59 3 69 57 22 53 63 82 34 70 46 42 85 90 52 78 77 36 70 35 15 39 62 37 57 46 41 19 83 17 30 52 68 77 1 51 5 66 71 11 45 62 27 92 64 57 19 49 79 84 48 96 32 42 38 71 96 47 1 85 35 1 18 80 68 59 73 88 36 35 31 22 92 82 63 20 44 24 66 86 50 27 90 90 60 67 41 72 98 94 54 62 44 71 25 63 50 27 100 90 59 91 10 44 55 88 27 63 48 72 34 27 18 91 16 83 60 93 86 20 41 36 16 19 51 30 48 26 25 79 10 27 28 27 98 70 56 26 13 71 62 58 91 75 84 57 12 62 41 6 19 71 11 80 33 78 75 1 94 17 75 87 58 21 71 66 50 51 24 63 43 7 40 23 68 65 89 60 32 15 65 20 47 11 22 49 83 
71 87 15 12 29 37 47 16 34 22 19 67 9 22 73 60 26 34 38 95 88 99 23 77 42 50 98 32 56 88 21 43 94 7 38 65 65 85 84 75 58 100 24 66 11 96 84 17 47 63 4 87 95 50 21 56 57 77 78 15 37 76 25 80 49 85 71 82 5 78 53 49 13 49 63 47 96 58 68 21 83 25 49 41 92 40 30 73 64 1 85 34 84 63 8 19 2 46 55 53 20 1 7 93 75 48 93 74 85 55 32 12 73 62 69 53 60 90 92 31 82 11 85 39 54 77 90 45 100 17 90 38 40 48 10 79 9 41 73 57 91 49 76 38 88 39 84 60 50 22 69 54 76 93 15 74 75 72 86 55 25 51 55 14 70 60 88 62 85 76 15 89 24 78 5 4 80 93 92 4 99 14 13 42 81 63 50 56 19 20 55 97 77 22 18 44 85 42 82 7 
85 3 15 74 15 11 87 6 100 23 39 75 85 45 38 98 65 63 89 57 33 81 74 72 96 65 62 89 50 8 6 67 76 75 91 80 40 40 77 7 68 59 10 75 22 83 48 33 76 79 8 22 43 13 40 56 31 98 95 27 18 77 56 50 24 55 9 96 17 22 12 40 88 30 75 91 87 61 90 53 43 42 28 26 92 99 54 10 78 82 91 10 92 90 97 73 46 64 68 94 69 21 71 20 35 41 69 8 94 38 18 46 88 53 74 8 87 60 25 53 98 1 14 3 16 65 80 60 21 37 100 14 55 5 93 39 26 80 15 50 51 39 13 92 62 30 84 40 29 83 24 35 78 89 23 81 70 80 100 18 73 88 90 39 70 65 73 52 60 42 72 6 11 44 30 22 81 43 43 80 81 90 37 64 31 47 56 5 96 32 65 80 95 100 58 53 50 20 6 55 
19 38 6 37 52 88 39 46 20 90 10 85 30 90 75 87 5 43 19 12 88 75 3 68 33 24 33 82 61 62 47 18 81 14 90 99 80 15 40 6 36 92 21 10 37 32 99 44 40 92 16 79 98 83 31 57 16 55 78 26 50 60 78 100 53 26 51 90 86 98 60 13 53 67 35 77 70 29 40 40 36 51 40 79 11 38 65 72 25 69 92 20 9 38 31 76 35 73 54 34 94 32 50 25 48 71 85 8 80 72 44 58 59 21 43 7 91 75 39 87 47 30 34 2 6 49 84 87 96 71 92 46 8 98 75 50 24 95 66 4 42 8 43 42 5 78 42 51 32 34 92 45 28 3 48 22 76 100 88 45 83 76 81 4 53 45 13 33 44 32 71 88 22 46 10 53 84 61 12 23 3 44 93 64 51 73 2 74 70 58 76 82 49 70 65 57 37 51 64 98 
19 62 31 45 64 67 37 72 26 26 5 5 65 95 82 78 11 40 7 47 21 45 16 84 83 14 67 6 48 6 46 90 75 34 93 43 23 39 11 12 87 6 79 15 84 85 85 59 84 97 72 64 64 10 87 38 16 17 21 51 69 40 4 84 7 83 89 2 88 99 43 18 39 65 13 52 41 74 62 40 97 56 59 46 49 40 3 79 57 86 77 20 36 84 30 9 98 96 40 24 45 52 56 23 59 99 100 72 59 28 53 46 63 88 50 8 14 47 49 32 97 58 61 70 51 58 27 65 89 37 67 31 25 37 47 91 97 41 78 4 62 51 7 65 40 8 97 90 81 98 43 79 23 45 51 96 33 72 31 34 95 99 61 17 77 37 55 42 59 85 10 96 81 76 40 96 42 39 78 78 27 79 70 62 19 1 26 52 77 53 92 32 8 75 75 53 85 40 87 45 
