100 150
86 97 59 77 55 20 77 89 31 39 97 62 29 45 72 72 49 24 68 62 30 14 68 2 42 14 90 83 48 74 65 78 64 63 78 15 24 68 77 49 2 41 26 35 21 44 94 87 40 87 60 26 31 24 85 99 80 57 59 18 76 90 23 82 1 34 52 24 66 68 95 29 76 38 22 38 11 70 5 99 51 52 100 90 10 95 6 62 25 47 92 79 28 84 49 74 78 22 8 59 67 80 6 92 29 15 47 2 68 63 6 24 85 23 42 63 89 10 54 87 49 71 9 85 36 61 98 87 60 84 83 15 15 39 49 13 28 2 67 90 32 36 40 90 97 3 22 2 26 5 
80 86 69 74 85 7 35 36 27 24 71 89 27 84 79 11 87 48 92 3 12 10 96 99 79 74 29 83 4 40 57 42 67 33 83 22 31 39 7 98 96 85 22 64 10 90 91 43 53 36 96 17 84 4 88 22 3 94 1 59 33 7 59 21 69 1 96 51 88 77 46 46 15 84 27 49 2 4 100 28 44 59 67 46 58 53 67 22 69 71 27 89 1 98 85 13 96 60 65 13 98 91 32 61 84 29 39 84 11 78 79 2 55 41 82 49 58 62 24 3 62 24 39 33 76 20 37 6 54 81 75 12 16 63 32 53 84 17 85 97 87 60 25 2 36 88 57 80 15 47 
15 86 64 55 96 74 76 65 93 96 18 47 30 79 5 98 14 45 64 65 47 17 53 49 63 38 78 45 1 55 22 10 10 40 11 81 7 34 77 24 43 94 92 95 63 82 39 92 93 31 100 44 40 70 13 10 44 15 95 85 84 95 82 100 34 68 17 37 44 60 15 49 9 94 73 7 45 8 15 33 31 13 92 92 15 67 51 95 2 82 57 59 22 28 85 95 55 81 73 23 38 1 57 52 40 100 64 78 92 17 7 59 8 36 23 90 85 1 84 75 100 59 49 57 61 43 16 29 83 64 57 33 88 66 86 43 99 80 83 81 5 59 86 38 26 20 86 30 11 1 
16 89 43 19 94 87 39 39 53 57 71 87 9 91 61 65 91 94 92 23 4 18 1 51 6 23 36 7 90 76 58 100 38 83 34 75 57 23 56 28 60 1 73 48 39 33 61 37 43 58 44 71 14 26 50 2 97 69 74 40 47 41 42 83 73 88 58 41 66 79 88 56 34 20 32 38 6 8 82 82 27 47 10 36 67 89 71 91 50 87 62 71 31 27 34 64 45 16 5 73 91 22 51 77 63 69 57 85 92 91 27 31 24 37 67 92 25 19 81 82 34 24 25 31 95 48 60 50 39 75 97 100 35 53 24 70 71 43 17 95 60 5 68 2 3 86 17 3 73 88 
60 51 66 1 21 15 97 34 88 58 47 14 83 41 20 69 78 26 88 19 5 19 76 9 96 30 99 30 76 17 69 43 15 80 63 89 75 10 14 64 17 3 9 88 85 44 20 25 52 82 5 73 40 66 26 34 28 36 25 25 45 95 75 13 15 10 53 56 30 15 59 52 98 73 48 29 86 90 38 2 28 55 92 39 43 79 51 77 13 53 59 47 100 37 96 53 46 95 54 88 34 64 12 6 3 53 55 82 77 70 8 71 86 78 31 89 88 81 23 90 61 14 11 49 2 33 36 71 55 11 43 64 63 36 61 56 22 22 40 70 48 92 12 17 54 14 53 19 100 13 
83 99 86 6 6 44 80 67 49 91 28 12 12 92 98 46 86 14 87 52 22 43 32 26 69 97 91 77 78 34 12 21 39 36 42 13 68 2 16 95 22 50 94 22 40 86 94 64 7 26 73 1 57 9 99 51 40 87 42 81 3 51 100 9 37 4 77 82 90 14 95 53 64 10 93 66 32 53 30 64 65 39 95 45 47 89 83 94 24 45 80 24 11 79 32 34 89 33 5 36 52 78 47 23 14 11 62 39 25 11 18 52 86 92 72 75 63 89 50 44 93 18 39 31 53 22 74 16 70 35 63 37 33 23 61 76 65 69 69 19 80 40 19 68 55 55 27 85 13 28 
53 52 18 43 11 98 2 13 60 91 9 36 11 64 83 41 21 21 88 36 92 80 14 79 15 19 28 58 80 7 9 40 9 25 61 77 68 46 83 16 33 89 29 53 5 87 43 26 69 96 15 18 55 43 43 52 39 4 43 87 36 26 95 57 78 70 27 52 74 45 89 90 1 3 90 44 17 40 84 67 70 95 62 4 73 92 41 32 97 21 1 11 69 31 29 70 96 54 80 90 16 36 16 67 39 20 76 37 20 86 48 6 91 55 28 27 70 70 57 52 11 23 86 31 67 22 3 29 29 49 10 46 59 36 100 9 72 61 53 89 12 20 18 96 82 85 14 63 31 89 
1 84 20 20 83 16 30 9 21 36 77 15 7 51 36 30 23 78 49 32 10 16 38 77 38 83 1 56 24 33 40 63 76 50 82 90 57 81 65 18 93 26 85 45 1 16 9 82 86 89 86 71 16 2 46 27 64 12 51 13 36 99 98 46 59 39 15 51 33 68 41 12 5 18 8 51 10 64 53 3 36 63 13 66 17 78 18 23 3 29 66 31 75 93 96 68 32 44 48 29 9 14 33 37 42 89 91 68 73 81 36 45 7 3 47 30 50 69 89 58 88 84 28 43 65 51 40 99 41 55 95 70 86 25 86 87 55 83 1 89 15 14 74 67 21 95 69 35 32 12 
94 50 97 76 68 13 23 11 64 76 98 6 76 56 18 45 6 69 84 54 50 27 56 55 78 38 49 26 54 82 44 86 52 88 85 33 56 87 35 31 9 79 34 75 81 11 36 31 34 63 53 48 83 49 75 13 97 20 49 63 95 21 39 11 90 90 19 89 23 50 89 81 26 79 57 56 32 46 21 31 3 63 15 59 25 24 73 51 92 36 61 93 19 71 36 9 6 55 96 53 57 42 24 77 66 53 24 8 35 56 40 12 94 15 64 99 21 64 89 67 81 43 6 95 45 61 82 40 47 93 74 77 89 50 60 80 94 86 82 97 93 88 84 84 15 39 15 87 50 11 
73 98 95 11 37 99 28 52 88 42 34 34 81 100 59 81 44 76 94 36 91 24 39 91 61 2 55 85 90 95 73 79 4 7 59 20 84 33 19 95 75 28 48 45 11 71 86 68 28 74 14 35 63 23 35 9 17 53 35 73 34 51 39 42 30 57 81 38 37 68 85 68 31 7 7 10 35 3 36 64 95 64 13 3 94 33 88 80 3 100 89 15 68 46 79 21 40 44 23 15 39 71 22 77 32 32 26 67 94 66 88 68 46 62 8 82 19 47 90 57 27 9 27 55 37 71 90 70 11 85 71 30 46 54 67 78 61 40 33 46 50 11 79 88 89 57 22 41 38 8 
34 85 64 98 32 50 83 33 44 55 5 2 13 34 6 77 8 94 98 85 74 66 2 14 45 50 66 78 56 10 43 54 41 63 87 47 61 92 25 48 24 75 86 49 32 68 85 78 5 98 79 24 14 35 43 14 86 38 6 30 26 14 73 41 11 88 73 39 49 81 26 36 16 16 71 26 41 61 47 93 81 62 33 23 5 51 32 18 31 85 52 79 50 25 34 61 67 35 70 46 45 9 3 45 92 22 15 62 99 31 4 62 19 98 71 100 24 70 60 99 17 17 78 31 98 30 88 55 7 17 41 33 40 63 93 68 45 79 79 26 45 75 19 82 24 10 22 11 55 24 
66 66 2 78 69 40 64 32 2 32 22 64 61 71 40 89 16 89 24 16 5 5 50 20 30 84 29 13 81 56 11 76 42 71 32 82 15 64 25 85 100 9 15 20 45 50 64 2 97 16 67 34 34 31 59 51 88 25 17 93 15 54 68 80 56 77 8 5 88 86 12 47 68 48 53 50 11 43 52 92 91 45 95 8 72 74 88 95 28 100 63 1 33 99 89 100 78 86 34 13 33 91 74 23 45 82 53 95 76 32 73 46 78 82 74 2 28 88 25 60 10 14 72 33 5 93 41 87 88 4 52 29 59 92 80 95 28 17 21 68 15 96 31 71 27 23 90 98 79 41 
29 2 54 75 19 65 9 24 40 19 99 33 2 87 64 87 21 54 87 60 77 42 56 94 27 45 6 56 97 43 46 18 49 70 97 10 59 33 31 62 20 32 50 78 64 4 46 87 85 8 3 65 58 37 16 13 94 92 10 98 88 1 68 50 14 54 76 48 66 81 38 81 9 40 76 4 49 79 92 29 62 75 24 48 46 39 51 29 47 3 94 71 84 81 44 92 65 57 26 92 91 22 88 10 95 13 97 63 29 54 16 94 23 80 94 11 39 5 91 59 66 99 40 83 22 86 22 8 15 57 82 89 59 67 87 97 82 66 1 11 53 48 84 44 83 26 45 80 95 75 
59 14 10 91 75 81 12 46 45 80 16 36 74 5 91 38 39 41 24 83 95 2 73 33 94 68 60 38 6 92 22 74 95 91 84 61 50 74 4 87 51 28 15 19 53 41 78 15 87 18 20 20 46 29 46 37 60 64 23 14 33 1 1 36 34 87 99 79 16 16 57 49 4 28 2 38 25 53 55 41 83 66 88 48 34 26 67 72 6 35 26 41 97 83 82 56 72 75 39 2 72 67 6 77 21 95 59 82 52 49 65 67 99 25 18 6 42 31 72 79 23 94 30 86 92 22 100 94 1 22 91 59 45 69 52 2 14 80 20 97 79 45 3 75 10 20 56 48 12 70 
37 45 92 43 76 20 17 51 62 82 18 4 15 99 80 85 58 32 55 13 91 17 7 73 37 6 77 87 26 86 16 88 81 41 57 73 39 77 45 26 10 50 42 57 32 75 65 21 87 61 77 95 35 38 83 98 22 17 21 84 19 80 5 20 8 24 59 72 21 31 51 61 95 67 74 52 53 46 61 58 61 100 73 4 5 88 5 4 60 78 98 27 86 21 60 82 47 24 35 95 70 41 1 44 7 77 76 92 100 27 8 32 21 60 16 31 24 84 49 60 96 12 24 92 29 4 70 14 44 38 73 26 9 3 33 20 77 59 45 20 9 62 46 31 80 93 63 87 5 70 
72 28 60 92 14 35 6 7 27 33 27 26 94 9 60 72 2 8 49 90 71 77 19 17 56 36 39 9 57 93 78 64 40 26 98 22 11 64 5 39 8 14 90 75 45 82 90 10 82 41 77 7 27 1 48 92 13 90 6 48 86 6 46 81 62 48 60 13 4 92 30 18 42 66 27 3 46 100 81 37 44 83 9 30 55 89 42 60 92 92 26 72 48 3 53 6 51 87 53 92 56 86 70 50 54 1 31 42 39 35 86 21 33 19 72 12 77 38 65 31 69 6 7 96 18 55 65 57 25 99 82 56 40 76 48 89 43 65 24 37 26 83 19 71 72 38 99 36 61 61 
85 73 100 48 20 43 27 27 35 24 86 51 57 48 22 83 37 76 29 84 15 72 60 16 13 90 77 50 60 92 19 22 65 44 91 89 25 20 70 67 7 58 67 91 31 69 53 51 52 5 83 67 70 22 73 1 50 21 58 8 7 18 54 63 25 98 98 63 95 29 98 79 27 99 37 41 45 54 95 81 54 31 21 25 27 16 5 31 77 4 22 53 75 43 19 58 24 82 70 27 38 9 96 69 43 18 75 27 23 32 44 41 57 26 20 73 64 33 19 91 5 66 82 87 15 20 33 58 15 65 80 24 2 81 72 95 94 39 65 97 65 64 49 89 10 29 4 3 46 88 
72 47 27 90 65 33 85 8 96 65 57 98 9 96 53 92 80 22 66 61 69 31 88 98 30 86 15 83 37 54 73 73 63 92 4 36 11 81 72 90 91 95 100 30 87 13 13 73 81 48 87 22 80 40 98 63 90 74 47 11 34 84 16 82 42 6 42 91 83 26 22 72 46 14 66 89 14 90 8 97 20 78 30 56 68 29 13 98 47 46 63 63 68 99 12 100 26 98 13 34 26 66 11 12 84 60 61 24 72 1 98 42 71 70 53 69 59 85 73 48 20 3 15 77 96 78 80 57 82 73 44 65 51 89 26 59 4 84 53 49 82 90 31 52 75 89 48 43 28 60 
55 57 96 18 21 3 7 88 86 91 35 3 12 45 99 45 67 63 51 49 99 61 24 39 92 22 4 15 97 58 91 60 46 57 14 47 80 34 36 14 67 4 10 97 59 32 80 39 64 66 91 33 82 13 86 21 99 36 100 67 68 86 34 40 1 28 77 37 17 56 18 6 67 79 53 13 73 23 62 85 76 5 49 58 63 61 84 19 43 29 97 88 55 79 97 35 38 97 91 89 88 17 80 47 44 50 28 52 36 40 63 54 92 77 80 22 4 25 10 86 18 55 20 59 72 39 89 6 62 33 27 18 90 4 75 59 36 82 54 67 58 60 16 60 43 3 50 78 84 60 
64 45 74 28 45 39 50 68 27 69 24 95 58 76 17 48 4 99 26 10 37 76 16 20 37 76 33 10 84 14 67 34 23 99 38 14 35 53 64 81 82 90 85 72 44 70 31 92 22 16 35 62 90 13 65 89 19 80 56 64 47 72 16 5 67 31 18 22 40 32 48 78 78 77 89 40 7 56 11 97 42 14 41 10 31 25 2 79 34 10 89 53 29 99 80 42 94 60 87 28 60 85 86 1 69 4 74 87 91 83 8 81 87 40 89 63 63 20 43 51 14 7 62 90 70 33 71 13 57 57 51 80 47 47 14 11 34 43 63 99 13 89 66 92 86 63 90 96 96 1 
13 25 41 85 15 33 95 7 98 1 52 60 75 58 54 81 21 59 16 50 3 57 37 67 99 46 95 17 14 31 96 21 96 66 15 60 22 5 86 12 39 9 9 36 87 37 94 23 38 64 93 32 76 47 70 74 68 75 86 96 45 72 59 19 16 67 88 82 42 85 59 74 100 39 64 67 57 8 82 35 85 39 100 27 6 72 9 8 56 37 95 70 37 34 86 66 96 52 63 11 50 71 89 30 90 45 87 43 44 66 11 13 55 15 15 18 16 65 15 70 12 53 77 19 28 20 84 54 60 37 81 72 97 25 24 63 53 89 23 94 73 63 80 61 1 29 34 76 86 44 
88 68 16 31 55 61 57 59 5 73 97 28 26 93 18 7 46 77 99 97 42 93 57 49 14 6 79 15 26 100 35 73 27 34 82 54 96 82 39 1 96 69 27 69 24 34 90 9 66 6 90 55 92 88 45 21 76 56 100 10 3 2 99 93 17 17 37 8 13 100 57 11 28 32 61 6 82 32 65 56 92 1 96 2 75 73 5 12 10 17 65 72 78 45 36 93 7 12 82 81 48 23 76 43 86 1 31 32 96 23 91 52 92 88 19 46 25 43 75 37 6 93 28 71 71 67 83 27 32 75 77 41 78 49 54 56 3 61 9 4 29 14 87 40 49 8 27 79 58 29 
90 43 54 5 12 83 8 75 70 13 50 62 51 49 52 63 70 88 31 74 47 62 6 24 31 68 24 23 5 98 86 43 8 19 95 85 50 2 60 72 53 89 55 7 58 10 43 66 27 70 27 22 1 68 41 88 90 35 51 66 84 56 5 12 9 52 60 54 41 42 97 75 93 6 92 20 41 74 85 61 46 69 50 60 2 22 83 17 75 40 19 29 62 23 87 52 28 55 15 58 28 53 38 60 57 20 82 7 24 87 53 26 49 20 91 4 55 86 52 19 45 92 37 64 25 65 86 29 2 46 74 29 83 18 27 59 48 87 95 65 59 13 16 99 79 64 37 48 100 80 
44 50 58 95 96 54 84 5 72 72 31 78 68 70 58 44 6 19 45 22 7 57 45 73 54 92 36 61 36 82 71 84 91 93 40 76 55 46 57 3 84 31 73 34 13 39 73 9 33 54 92 87 77 27 4 86 69 11 71 78 86 21 83 27 54 82 19 40 50 37 88 28 51 44 9 27 49 35 20 84 29 69 98 53 39 26 6 3 50 42 89 31 32 5 44 41 92 97 92 73 86 18 45 9 96 66 59 42 36 27 35 24 88 41 52 24 43 92 76 34 13 74 71 26 87 84 91 25 99 94 3 28 90 19 68 35 60 18 12 41 24 52 24 20 48 25 42 94 7 73 
79 37 19 57 5 79 70 33 52 26 79 39 67 59 95 78 15 74 9 56 71 82 50 44 83 98 1 75 54 44 97 78 88 89 45 21 34 60 80 93 70 78 14 21 72 88 67 92 55 13 31 87 64 21 27 56 1 45 100 4 78 94 10 77 43 3 69 100 2 2 81 3 17 34 31 36 5 58 98 66 36 80 75 93 67 90 51 69 23 58 80 36 4 50 91 70 18 7 43 92 22 80 21 72 2 11 76 61 59 81 71 11 43 96 99 78 28 12 75 81 28 84 73 57 8 76 6 62 28 77 55 4 68 38 99 59 78 39 99 46 13 70 45 66 94 94 37 10 93 15 
15 52 59 65 45 1 54 20 35 67 83 59 70 65 90 2 69 22 61 53 14 39 89 57 100 44 91 46 52 90 74 56 97 98 19 61 33 70 17 36 17 71 30 93 62 93 14 5 51 52 45 35 57 24 29 11 59 60 3 65 56 39 6 47 77 12 87 50 77 8 3 27 91 61 88 38 72 4 56 23 37 44 43 11 8 65 72 48 60 25 64 64 15 19 92 52 98 5 26 7 90 65 30 58 51 47 5 81 5 5 8 30 17 28 33 88 9 47 51 74 78 55 22 18 37 16 31 97 71 2 60 24 79 30 39 32 36 89 13 18 21 98 10 45 62 35 35 96 19 75 
88 36 65 55 83 10 28 9 57 66 1 94 72 32 40 31 28 48 77 50 74 91 91 30 51 87 16 11 69 58 19 87 38 62 45 30 40 59 27 28 79 59 93 5 43 43 48 64 38 78 33 49 82 13 46 21 90 42 3 31 61 29 19 88 89 83 11 46 93 38 23 9 85 96 33 35 44 88 40 42 51 78 67 22 52 6 97 47 26 90 16 11 67 57 71 72 96 13 23 30 100 23 34 55 92 97 17 15 25 3 57 14 16 39 70 50 54 20 59 10 75 3 58 9 33 57 61 42 26 69 15 96 8 99 13 10 78 92 88 77 45 98 49 29 56 61 35 15 30 12 
23 57 60 88 97 43 30 85 88 11 94 9 29 72 67 22 68 97 67 93 33 51 12 75 98 2 12 3 57 98 85 52 75 8 100 99 44 74 19 19 93 32 84 80 36 47 24 25 33 96 6 62 63 87 14 57 45 28 6 86 46 23 53 76 75 37 32 49 82 28 97 79 34 99 80 9 91 3 2 64 64 62 6 51 5 8 73 2 4 63 71 38 99 30 89 80 59 67 9 5 5 36 50 89 18 86 47 11 96 4 77 98 13 65 16 52 76 28 27 1 26 40 50 14 26 11 28 49 87 62 93 51 90 5 51 53 36 80 85 72 77 4 5 1 46 21 42 64 71 42 
48 58 34 49 24 76 98 77 17 91 7 67 54 17 67 41 67 46 51 29 22 52 47 60 31 47 34 7 64 27 26 2 23 48 81 90 7 98 47 56 39 73 55 95 81 44 74 18 31 27 33 8 12 93 99 90 61 56 46 89 41 1 87 47 36 87 63 54 40 91 19 37 95 24 39 12 14 100 1 92 5 77 69 72 67 61 19 52 63 27 77 11 87 27 38 82 49 43 92 37 45 98 12 49 48 75 55 44 31 80 20 10 89 84 86 81 29 12 54 61 3 30 34 15 22 24 72 32 35 85 46 4 99 59 44 28 26 75 49 40 10 77 64 81 43 72 16 36 82 7 
65 27 36 8 3 68 88 71 5 35 74 81 78 60 44 96 90 92 13 25 27 28 35 37 82 39 28 27 70 20 82 17 26 44 41 84 80 68 80 47 34 40 3 74 47 83 97 95 9 54 83 29 37 73 8 16 95 22 58 77 35 85 32 42 96 85 78 40 30 78 57 26 6 76 20 46 27 25 1 73 23 25 14 50 2 84 37 33 86 90 16 16 68 70 5 83 34 59 63 47 66 54 37 76 61 60 42 96 3 18 42 19 39 27 56 98 2 40 12 82 77 13 32 90 3 81 1 98 96 75 65 13 56 14 24 77 99 8 26 86 78 20 40 86 82 92 73 61 30 39 
21 95 42 99 44 83 63 96 20 100 98 97 31 35 43 90 88 38 62 46 88 59 42 22 73 14 61 74 14 21 59 52 37 82 18 33 95 97 70 98 78 48 36 14 2 50 42 57 32 38 4 68 51 87 85 12 6 16 52 4 35 22 61 68 60 12 87 66 8 5 70 92 12 65 30 49 43 36 2 87 49 84 63 40 91 16 25 14 47 82 4 51 21 95 92 94 22 84 25 21 84 60 91 51 42 9 64 71 94 68 11 94 60 33 16 95 13 17 54 5 7 1 80 41 56 67 42 8 31 64 93 46 34 53 32 21 86 29 56 55 84 14 3 87 80 58 90 56 6 74 
32 50 25 99 81 76 49 42 81 41 4 57 49 82 30 32 55 91 7 45 16 94 18 28 73 57 48 98 18 94 74 5 32 13 67 34 29 71 51 46 51 80 27 14 74 78 81 99 57 72 18 43 85 16 32 93 78 20 8 2 37 88 47 98 53 92 5 93 21 93 93 26 48 7 94 26 5 93 10 100 95 19 8 87 38 6 9 63 63 53 29 6 8 48 11 92 75 10 1 33 62 7 35 19 56 12 97 54 12 47 89 76 16 40 68 81 91 48 61 5 16 22 36 7 29 43 49 11 80 51 3 44 29 7 56 24 73 78 22 87 90 40 61 28 27 85 99 61 35 96 
19 7 17 50 11 76 40 86 68 93 61 93 35 25 69 56 94 30 42 5 61 53 44 7 58 95 25 7 25 92 47 20 91 83 43 83 53 90 39 23 62 99 24 88 82 42 46 34 64 88 57 32 94 23 35 90 41 34 18 96 38 51 87 95 52 91 21 85 37 53 67 84 20 55 68 76 17 14 88 19 64 79 1 34 25 68 3 97 12 81 77 17 3 10 87 3 29 95 48 88 67 52 26 52 95 88 89 58 29 63 3 14 67 95 46 72 47 4 100 76 15 16 48 97 72 12 37 89 26 58 41 70 13 41 6 24 45 63 72 31 96 44 53 97 69 89 3 6 93 80 
83 94 55 59 8 36 48 9 22 23 68 35 60 69 8 86 89 70 84 1 70 57 23 42 39 8 46 100 10 35 65 92 99 67 49 85 73 64 97 71 87 61 14 6 7 17 54 80 93 7 67 35 76 7 34 70 76 63 79 91 72 97 94 61 69 87 55 11 75 67 38 14 82 26 19 71 59 44 16 36 12 59 3 89 65 33 83 79 31 66 5 6 11 24 89 57 87 84 68 91 76 42 15 61 61 50 45 100 79 41 76 51 7 32 65 17 9 87 86 60 51 89 2 97 23 33 60 26 52 58 5 45 92 34 43 72 46 31 45 55 28 13 16 48 32 93 13 76 16 60 
91 52 78 93 38 90 21 16 45 77 46 61 77 48 99 58 89 13 41 32 91 9 91 52 2 94 8 89 77 2 80 79 1 4 43 46 77 50 7 3 7 43 100 14 72 70 78 2 85 8 72 70 66 5 3 69 98 99 74 59 29 54 74 89 67 86 82 48 10 29 61 25 18 26 67 27 94 34 41 78 86 67 92 85 30 80 98 21 14 25 47 57 52 49 77 75 6 36 9 3 18 28 37 40 14 57 98 72 38 12 57 97 30 82 69 9 25 17 42 39 31 1 86 96 51 82 28 40 23 60 53 59 77 59 4 66 89 82 20 7 23 77 81 1 96 25 5 18 9 10 
56 5 72 32 8 9 32 34 43 70 76 62 70 73 52 46 53 55 49 93 75 79 85 11 81 20 25 50 24 4 48 55 61 80 71 85 55 93 96 35 73 24 40 41 68 27 42 40 41 65 81 99 25 82 75 94 26 1 54 30 76 17 70 4 18 58 76 96 19 35 88 94 71 8 58 13 8 56 47 14 6 51 7 90 95 31 46 16 67 18 51 6 54 24 6 69 61 83 15 46 22 39 19 13 57 5 85 28 86 35 83 82 70 76 32 89 41 16 77 59 98 11 56 51 100 46 34 46 77 3 28 8 11 99 37 76 32 49 98 37 17 56 31 38 79 12 15 94 87 54 
28 100 38 58 14 21 55 55 24 87 27 7 17 66 83 37 81 80 81 35 92 82 32 16 14 7 77 19 16 79 12 63 39 89 83 100 69 90 79 38 24 54 62 86 39 23 41 37 94 83 11 9 26 67 73 40 9 63 75 68 50 8 72 66 5 40 32 90 51 18 100 6 5 57 71 97 33 26 72 90 76 70 77 64 98 74 40 42 85 97 94 35 12 48 12 94 88 65 77 52 14 13 87 21 91 40 13 28 97 1 87 24 89 1 84 83 48 82 68 6 64 36 6 23 53 45 83 4 54 51 47 33 73 78 15 58 94 37 41 19 100 44 54 83 87 22 83 32 13 20 
2 21 3 47 66 74 45 74 98 79 91 90 38 98 81 18 10 98 9 57 49 10 67 59 19 36 53 57 64 12 96 4 45 2 13 33 41 70 45 4 87 23 66 11 47 66 93 97 77 25 69 60 96 96 97 80 70 85 13 4 29 4 29 51 2 68 35 27 2 55 54 90 73 64 62 78 3 60 93 61 91 49 97 44 52 38 96 29 9 65 8 51 36 33 88 8 21 18 19 13 1 19 10 80 80 41 100 15 46 79 26 18 81 43 43 13 85 88 62 26 75 26 48 70 96 15 36 16 87 37 1 13 68 33 42 40 10 70 95 48 97 4 43 84 65 82 3 67 54 12 
49 12 92 2 58 94 14 6 16 41 62 70 6 77 97 69 37 2 39 52 71 95 29 67 34 57 59 64 80 4 47 71 44 78 99 82 92 83 79 1 71 27 35 54 24 86 80 56 11 32 49 17 93 8 66 97 77 47 43 25 92 2 20 45 8 44 53 5 59 37 40 4 99 82 19 48 77 52 49 59 7 9 44 22 14 13 62 99 77 86 52 76 70 76 70 66 75 2 7 31 68 88 31 24 51 26 23 88 74 20 73 48 62 31 75 74 89 98 84 46 39 44 13 48 99 96 14 26 80 90 6 88 2 77 96 92 24 49 1 40 55 76 43 23 82 15 84 100 41 55 
1 28 16 26 15 91 87 90 71 64 38 64 97 57 85 9 43 36 100 60 56 97 2 66 64 88 48 99 8 74 4 50 11 79 68 86 2 1 24 36 34 45 69 17 29 16 13 26 65 46 57 49 72 85 46 47 6 23 23 12 18 59 43 93 9 37 6 65 45 74 85 12 60 93 39 9 13 54 33 16 32 72 39 8 23 71 81 61 48 53 45 46 64 38 56 73 89 2 78 100 77 87 30 12 47 77 71 100 31 5 81 90 8 48 57 4 88 81 53 49 43 73 26 38 78 8 23 75 65 28 77 70 78 25 44 36 78 9 91 57 50 40 41 83 11 14 21 10 95 18 
16 99 29 82 61 82 97 80 84 67 28 86 56 22 3 42 8 62 43 51 73 84 57 66 43 38 98 81 25 9 31 69 89 59 3 8 2 46 56 39 34 91 78 12 74 67 76 99 34 65 89 76 74 11 70 52 99 64 23 61 69 31 96 3 92 12 58 62 30 96 73 74 100 18 29 63 19 1 4 57 59 63 4 10 14 60 40 21 88 48 26 52 87 78 30 12 20 25 49 60 18 13 90 47 70 17 75 22 85 64 47 16 19 16 42 79 40 54 22 40 97 13 89 35 98 15 25 10 3 76 40 96 46 66 98 99 98 87 7 66 78 34 48 100 34 51 15 7 91 8 
60 73 23 37 30 93 70 23 96 56 75 98 96 34 43 87 74 64 71 86 3 45 13 50 66 63 52 94 75 57 13 86 99 40 6 82 31 75 35 82 95 69 32 46 100 56 18 45 44 43 26 41 52 89 72 89 9 49 80 94 9 67 50 6 55 60 56 25 33 27 52 27 81 73 78 21 31 66 23 34 61 51 55 99 53 45 91 84 35 70 40 16 49 53 11 49 47 22 90 66 94 75 19 39 17 93 94 99 60 62 28 97 53 82 92 12 54 64 34 25 10 90 6 10 37 67 8 34 12 61 97 38 33 86 20 48 2 71 68 1 2 69 66 7 34 76 72 80 38 4 
82 33 74 90 74 22 82 55 72 46 46 33 71 77 52 28 7 2 48 95 42 69 8 68 53 68 38 26 76 93 95 41 58 44 46 16 39 47 85 87 97 44 44 37 61 15 54 63 2 85 81 11 30 11 93 48 23 29 69 29 86 90 90 48 25 10 96 34 15 91 63 63 91 88 45 54 95 34 80 79 6 97 19 87 52 41 94 43 100 79 73 31 16 81 74 69 35 13 24 42 88 35 57 46 43 13 90 86 98 92 49 39 28 80 100 97 65 21 85 89 31 78 87 83 57 98 1 36 15 30 15 21 50 89 42 48 15 81 50 21 41 72 92 56 91 86 37 3 56 73 
38 82 60 68 72 53 56 59 61 79 88 7 95 69 44 94 5 42 71 14 26 50 77 40 93 94 41 8 71 42 72 30 32 56 70 12 97 29 1 71 95 76 67 63 17 83 70 17 45 30 16 19 42 80 32 4 29 7 95 87 21 31 54 57 26 5 57 98 49 33 44 62 24 59 45 7 74 3 69 88 2 69 58 26 66 90 78 96 67 88 33 77 82 10 29 41 45 60 5 76 7 50 98 62 24 88 28 42 68 19 23 44 45 46 56 82 2 57 2 13 89 78 96 50 48 66 30 48 62 43 69 83 93 58 26 72 14 33 29 7 26 32 11 62 58 91 9 58 46 8 
58 93 87 83 93 98 30 67 33 43 48 44 33 45 20 14 93 18 42 89 96 56 4 99 19 67 88 83 59 37 99 72 61 29 10 54 39 61 50 85 36 74 29 30 32 49 10 52 99 86 43 8 2 59 83 96 16 10 16 26 40 62 87 24 76 84 77 53 34 27 10 3 56 16 48 62 52 46 47 54 79 44 80 38 54 7 54 43 86 6 8 89 50 11 19 57 94 30 16 84 93 99 4 8 93 20 99 47 47 51 20 51 52 5 74 51 70 47 62 39 15 50 75 11 18 52 18 20 29 28 77 78 95 68 51 1 76 65 87 55 96 86 74 65 19 60 43 83 86 97 
18 9 48 7 61 60 12 2 30 95 28 64 57 25 49 24 63 55 13 56 17 73 6 86 3 54 26 65 90 19 56 30 59 96 74 26 12 49 75 4 49 52 91 51 81 77 67 75 29 52 88 67 79 55 11 84 59 40 14 94 19 71 15 91 56 48 27 58 42 44 55 100 16 95 28 17 60 32 6 64 25 89 31 43 3 99 97 80 7 84 1 11 85 64 50 95 71 60 98 62 36 58 51 36 55 50 75 78 17 55 36 24 24 79 11 35 58 35 38 59 47 83 43 26 48 43 75 3 58 56 46 82 27 19 36 31 56 65 80 20 53 57 48 38 100 36 79 85 91 19 
82 34 43 69 4 97 68 83 79 17 97 33 67 86 66 24 19 11 10 80 22 93 8 20 63 70 99 94 86 26 68 51 64 55 70 50 71 49 85 3 25 97 46 81 67 64 16 47 15 76 26 99 39 69 15 92 33 63 35 38 20 13 5 71 2 96 54 68 98 48 18 69 87 38 48 73 33 67 32 48 20 32 58 15 5 6 96 100 92 30 71 64 9 82 74 42 43 55 58 54 63 93 53 24 36 27 63 56 16 87 19 40 37 11 56 25 78 14 2 1 33 100 28 3 98 17 8 71 28 76 99 13 47 60 22 96 18 8 98 2 20 94 34 90 65 68 46 90 9 93 
40 91 59 73 28 96 16 100 3 21 91 48 7 43 60 40 43 25 54 95 35 100 66 39 52 44 100 70 80 41 99 72 38 12 67 81 24 44 66 89 46 9 32 69 71 31 9 50 95 47 14 16 2 75 57 74 23 51 37 17 23 33 40 81 72 23 43 14 95 83 24 76 59 28 9 92 41 56 22 80 64 44 6 87 89 69 74 31 27 99 43 41 59 14 38 73 42 61 68 54 52 41 64 17 41 86 20 28 63 5 22 48 49 69 82 27 41 72 40 70 22 96 52 7 79 12 96 33 35 83 51 100 66 53 98 9 29 11 69 39 32 14 30 43 7 85 69 78 61 99 
77 53 96 80 81 9 74 100 72 12 91 5 39 74 89 28 36 88 24 8 19 29 75 73 40 8 60 43 80 30 5 37 58 29 31 53 57 12 52 77 62 79 40 98 39 75 11 92 76 44 76 60 34 21 81 93 94 60 64 82 46 43 8 74 38 9 90 59 91 1 81 29 17 1 45 35 94 52 59 82 71 33 21 22 36 22 96 60 4 66 59 64 49 90 76 10 47 10 88 22 5 73 68 26 58 16 100 90 32 15 26 61 3 66 77 30 7 99 65 82 73 14 28 18 65 16 85 40 16 62 7 64 36 70 7 28 59 79 47 89 69 73 76 41 89 26 52 66 11 76 
61 70 5 46 28 52 30 52 56 58 84 38 30 75 17 75 2 75 38 34 52 48 23 69 73 37 57 74 86 49 90 42 74 64 58 91 43 67 33 73 31 12 12 7 76 32 51 45 57 59 3 52 96 89 52 90 15 17 40 78 82 46 49 6 43 49 100 31 100 95 84 99 8 4 50 56 19 34 94 78 78 21 43 85 48 32 44 86 83 89 42 81 80 7 96 85 84 30 10 75 13 83 79 7 24 8 10 34 42 63 28 52 31 14 74 97 88 13 76 18 85 7 15 54 10 93 7 18 97 50 33 79 29 37 10 90 35 12 10 31 38 45 16 74 89 6 31 67 3 74 
86 72 56 55 44 6 13 98 33 66 17 46 34 43 43 30 44 35 86 44 90 92 8 21 27 20 3 6 99 50 69 82 7 26 64 5 47 41 7 93 68 68 20 33 100 32 12 77 61 20 70 89 42 28 32 49 58 60 81 43 70 28 91 4 31 67 38 86 55 77 69 75 46 59 86 37 72 89 27 74 47 10 24 79 15 7 49 21 19 53 87 45 18 46 88 82 81 30 49 48 47 93 16 55 64 31 46 59 59 77 60 23 31 64 10 93 74 32 50 55 55 35 85 19 23 22 49 60 11 93 3 70 65 75 29 97 82 64 96 90 53 38 42 25 66 2 4 91 23 7 
88 84 65 64 98 91 76 95 44 60 25 70 21 16 20 83 73 88 36 76 80 18 2 87 52 7 99 20 50 44 14 99 70 82 7 71 86 74 25 90 28 5 2 83 38 56 13 73 51 38 49 82 84 74 58 94 22 37 6 88 89 8 17 20 94 7 60 9 75 95 79 94 55 22 59 8 93 30 65 22 39 9 26 9 18 100 1 16 53 65 97 67 11 23 100 94 68 85 98 73 77 38 48 18 83 27 7 89 97 77 37 55 55 28 28 18 21 22 59 23 1 84 89 66 49 52 8 26 88 27 10 87 100 17 35 8 2 80 36 43 83 90 34 91 90 55 94 28 88 72 
80 55 76 7 97 72 69 5 62 15 11 48 100 6 48 5 68 38 38 67 87 73 82 64 45 24 22 81 48 82 66 37 5 63 81 99 26 68 21 56 64 76 54 91 93 45 70 49 25 7 60 45 64 99 70 53 41 11 62 27 63 36 12 2 43 67 6 50 10 92 39 28 29 11 57 44 93 23 70 33 40 42 80 75 43 62 39 22 25 23 5 31 41 41 49 25 69 14 15 52 85 8 21 99 69 34 50 65 67 24 45 67 22 79 100 67 39 72 81 97 52 59 27 42 45 39 61 32 57 28 86 12 7 80 78 19 92 90 7 60 92 48 99 49 91 70 69 91 52 29 
19 68 57 72 14 8 61 18 66 11 53 11 56 29 96 17 32 98 59 49 24 41 6 6 70 15 73 2 82 93 73 43 25 78 91 63 66 54 9 64 63 59 79 74 49 37 3 46 41 96 9 61 27 29 11 69 77 8 42 88 74 44 71 12 42 55 2 19 43 19 41 92 93 39 75 18 19 87 82 31 56 59 45 54 24 6 15 35 69 82 13 76 32 1 64 81 76 45 30 91 45 31 76 45 68 97 8 53 65 26 69 66 4 70 26 55 10 9 96 75 21 30 97 78 60 53 6 27 40 71 88 60 30 93 49 41 48 45 81 21 94 30 88 39 42 12 53 15 86 72 
72 94 46 72 83 41 71 3 68 76 79 81 35 70 59 24 42 58 43 25 52 85 55 58 90 47 1 92 1 60 16 65 14 62 63 76 87 83 94 73 64 98 50 42 34 91 47 15 20 80 69 60 54 64 86 40 38 44 2 85 22 70 90 32 7 84 11 53 43 21 92 44 33 72 29 2 64 95 15 49 32 90 3 12 100 35 99 59 5 41 41 66 99 8 30 54 57 53 7 14 17 68 59 13 10 41 45 56 34 18 85 23 27 67 90 84 17 23 75 43 25 39 59 38 47 27 55 21 29 63 55 45 99 97 78 57 88 70 40 50 60 84 82 81 27 15 70 89 37 4 
2 21 97 75 44 55 59 49 85 87 64 46 81 83 80 26 88 45 85 20 17 79 20 35 28 28 99 17 37 72 64 54 67 61 37 78 21 49 18 47 78 5 93 91 33 45 7 29 23 18 32 66 19 15 86 33 91 84 92 11 76 59 32 1 79 90 68 33 85 59 55 80 87 89 1 49 30 100 17 2 60 5 16 60 81 84 93 83 3 20 21 78 60 58 86 42 55 83 94 7 73 19 28 77 31 42 47 82 6 84 40 35 94 17 96 38 84 43 9 71 14 89 10 72 21 67 47 65 54 15 14 97 44 81 94 1 68 10 21 3 41 57 77 29 85 95 47 64 49 84 
50 40 11 21 30 99 50 46 14 43 92 82 28 80 43 16 78 22 91 97 4 21 60 75 3 94 99 92 7 32 12 58 74 30 69 43 6 17 12 74 26 82 7 73 15 68 98 63 1 10 16 76 22 34 31 21 70 52 15 55 92 8 71 93 85 74 96 58 8 25 100 2 90 88 100 25 42 16 97 36 26 2 75 92 12 42 31 21 33 59 67 69 6 56 11 78 43 10 4 5 1 8 11 72 84 1 12 42 93 72 95 51 53 77 77 38 68 88 15 47 87 58 63 39 84 34 73 13 96 58 57 23 12 63 59 65 85 67 46 44 92 48 80 87 14 100 11 70 34 19 
29 57 70 95 95 7 48 12 45 59 67 96 37 36 80 83 4 88 95 50 29 37 98 79 6 47 15 76 35 60 52 17 8 73 35 90 85 20 45 68 88 12 57 64 7 100 37 66 50 26 65 95 38 86 37 68 11 69 86 40 14 44 82 85 53 99 42 80 5 77 35 35 78 67 58 32 83 39 14 92 2 44 96 20 83 84 28 32 69 81 33 89 91 24 61 67 1 19 23 15 99 52 66 55 47 22 13 97 83 22 54 92 45 85 19 25 93 30 27 91 32 7 77 44 96 94 55 17 17 85 1 61 91 39 70 26 9 93 43 50 36 70 24 22 71 45 97 2 44 23 
51 68 61 29 77 97 75 65 86 27 94 62 93 94 23 5 41 87 9 82 52 32 18 8 52 87 44 60 92 72 7 32 56 6 32 79 77 99 55 26 35 89 56 71 54 62 64 61 60 17 79 90 39 54 65 22 73 18 41 60 93 29 52 26 21 57 27 64 62 63 37 100 31 47 48 43 26 62 30 96 58 95 28 91 97 48 19 20 77 63 76 19 29 6 14 66 38 66 95 12 65 8 55 78 59 91 18 74 77 58 50 15 58 74 80 3 29 89 10 42 47 75 71 86 33 21 81 37 28 5 78 35 20 62 26 16 53 86 22 82 91 60 20 99 40 85 96 65 9 84 
89 25 70 88 73 58 44 68 93 64 94 73 22 60 1 99 74 20 54 94 29 50 83 9 75 34 38 84 25 7 94 68 10 2 69 88 84 28 81 18 48 53 10 51 17 40 48 2 42 57 40 15 89 70 25 98 97 67 86 18 42 92 20 49 51 42 67 96 79 67 54 53 32 69 69 27 38 12 59 28 10 3 15 56 77 1 39 43 60 25 9 84 97 27 61 77 21 35 5 54 34 52 25 52 76 84 50 85 68 73 64 88 56 9 68 85 8 92 42 70 27 31 90 19 45 38 50 91 70 34 66 40 4 72 49 24 54 4 79 97 78 52 78 64 15 3 42 59 47 100 
79 75 34 61 6 32 95 21 46 6 47 75 24 83 66 12 92 62 84 73 60 71 50 90 59 81 17 58 20 85 10 74 99 44 82 27 88 82 73 40 40 16 8 10 60 54 30 95 12 47 96 47 57 6 77 47 16 95 14 67 3 34 61 32 43 63 34 13 63 100 20 96 11 43 31 53 77 59 97 36 28 67 15 19 51 9 21 14 79 37 98 5 13 55 31 70 27 32 100 90 80 82 2 36 48 64 67 98 23 84 75 37 99 48 2 42 40 69 9 82 99 64 11 85 90 19 81 12 94 85 16 18 25 92 14 12 87 64 10 88 29 7 2 32 21 61 39 39 60 53 
69 74 32 8 79 82 91 29 91 100 98 2 51 43 3 38 100 89 87 82 73 57 5 26 71 68 45 64 37 100 78 72 87 71 50 32 78 82 53 20 4 41 82 15 44 23 40 38 64 35 69 77 71 70 31 52 87 58 31 59 26 63 20 26 6 3 63 46 12 48 49 77 74 92 25 5 67 88 11 51 14 8 11 71 42 31 80 17 94 83 65 3 64 10 73 12 5 79 32 87 66 70 10 84 5 15 77 42 71 61 62 4 26 8 64 18 5 59 42 78 38 65 97 21 31 1 41 54 90 85 84 82 3 76 86 83 2 39 56 66 27 45 16 40 60 47 88 38 38 76 
59 34 10 64 94 47 1 84 18 50 2 49 49 70 17 28 67 61 74 94 2 76 35 67 73 10 13 71 78 70 50 31 75 27 42 93 84 56 28 44 24 41 46 90 54 95 84 65 8 53 41 18 18 96 4 15 95 35 63 67 57 69 64 4 32 27 97 29 19 73 85 20 69 34 28 17 37 63 96 29 90 70 35 67 81 30 16 83 9 65 78 54 39 32 2 98 28 86 79 60 38 36 47 45 31 71 38 15 3 18 39 25 93 86 12 59 47 6 82 76 86 16 40 77 92 97 40 10 80 87 12 91 75 28 99 96 36 42 4 82 27 81 40 27 31 21 93 50 12 99 
68 40 70 7 51 38 10 37 43 99 87 60 68 92 99 91 12 21 59 83 83 29 69 35 32 24 22 92 29 57 85 43 55 8 74 18 20 53 33 64 90 29 34 13 21 9 22 12 93 36 81 56 42 35 48 14 75 11 29 99 77 40 51 41 65 17 91 8 85 72 32 34 34 51 19 15 40 4 99 40 99 25 39 5 29 65 47 77 14 32 64 93 46 38 8 15 71 38 33 40 75 4 31 5 43 61 37 2 39 54 63 66 27 86 22 65 51 18 10 39 90 30 86 9 59 83 66 7 86 82 72 16 72 84 48 4 68 14 81 63 74 40 39 9 74 38 63 91 100 1 
68 76 23 88 46 47 91 72 56 74 7 89 16 22 43 96 22 37 54 68 61 1 17 70 46 49 50 91 6 8 58 13 10 36 57 84 98 36 14 73 60 59 50 65 98 71 69 18 44 67 22 91 39 69 77 23 36 43 21 46 46 27 25 53 69 97 69 70 50 55 6 59 5 92 27 28 89 60 86 88 96 83 36 58 29 85 13 33 71 42 44 29 82 71 31 55 86 50 64 84 87 26 16 60 30 78 31 68 34 28 37 55 8 10 86 15 22 60 17 91 63 19 51 2 4 19 40 91 83 48 99 5 83 63 51 3 93 76 13 56 43 30 69 86 52 78 18 32 42 76 
68 43 66 40 55 7 51 61 82 11 69 100 41 5 37 72 83 5 43 27 10 28 4 99 74 90 71 90 32 71 34 87 33 21 89 2 57 37 64 64 19 58 76 99 29 97 52 65 96 14 45 35 28 5 87 32 91 78 66 83 54 19 38 26 64 90 14 5 68 73 35 66 35 66 74 24 36 95 19 29 36 87 40 37 76 3 52 81 96 22 5 100 31 34 76 84 72 79 6 21 87 15 51 62 99 69 51 75 61 84 78 37 15 63 55 15 83 49 14 66 14 49 46 96 93 54 77 16 77 5 71 22 79 5 21 20 58 72 39 99 59 92 60 98 93 8 55 37 27 57 
98 63 36 92 75 36 16 41 30 100 65 19 15 26 92 81 1 30 38 87 74 70 71 55 34 97 10 99 95 33 60 17 100 89 38 61 68 91 39 38 53 26 24 93 22 21 18 98 47 45 50 77 32 19 66 46 18 21 35 60 97 62 31 96 4 80 16 42 27 45 6 16 23 70 35 49 45 64 8 10 4 51 21 5 44 13 88 38 86 25 98 50 27 65 86 42 100 65 97 26 22 2 96 20 19 29 16 80 80 75 45 62 98 12 15 68 88 45 42 30 5 89 34 19 76 3 3 91 29 59 77 67 39 48 39 16 48 4 92 5 41 98 75 95 57 56 63 81 25 39 
64 64 80 30 69 37 86 31 16 95 59 79 86 52 37 76 66 21 31 81 22 18 55 44 38 42 26 73 44 53 32 6 40 45 66 11 30 76 90 77 96 44 74 8 83 74 40 93 55 84 37 15 70 97 60 61 70 41 70 20 26 47 86 40 93 19 28 99 13 71 28 42 31 36 49 9 38 47 6 20 22 34 85 99 79 72 70 88 78 15 4 98 30 70 51 1 30 16 22 80 61 21 74 5 54 43 39 77 71 75 61 11 54 67 21 22 72 67 20 81 22 33 100 66 66 21 35 26 55 14 87 82 94 49 91 19 54 52 28 97 29 7 35 31 92 31 1 82 99 77 
48 7 6 64 17 7 68 30 28 6 98 16 1 13 39 16 88 40 50 36 69 51 3 45 1 59 91 42 82 65 91 57 31 82 94 10 84 95 83 3 41 41 63 97 28 60 99 18 49 10 85 6 98 58 59 40 97 56 56 54 24 91 94 64 75 14 72 28 87 76 27 68 4 88 92 18 78 57 26 30 71 90 1 20 29 85 55 54 22 79 95 83 86 22 30 39 7 49 27 45 81 84 31 6 46 12 97 97 66 40 35 84 17 36 94 88 70 60 54 89 86 52 23 16 90 32 24 89 7 41 60 70 82 65 70 60 17 83 37 6 47 35 80 15 48 73 63 100 45 69 
36 17 23 2 56 69 5 34 5 83 71 20 43 73 12 92 7 39 34 85 30 95 21 83 55 1 51 88 75 58 58 63 34 67 47 86 91 65 80 20 67 97 17 35 63 21 62 57 58 79 13 12 63 34 38 52 58 66 15 74 90 47 19 47 100 12 76 13 47 61 63 90 42 64 69 88 86 42 47 72 100 50 80 44 50 72 1 56 41 75 12 11 100 19 50 78 77 66 75 20 9 11 27 66 54 58 7 24 59 73 28 4 33 52 92 87 70 50 26 72 40 33 39 80 38 38 87 43 35 6 86 74 43 21 78 15 93 60 84 22 72 89 32 29 80 84 37 37 57 82 
34 21 89 52 15 30 81 27 79 31 14 90 68 98 24 90 50 63 66 16 97 82 51 19 18 72 86 55 70 44 12 62 48 34 54 90 50 59 5 29 5 63 15 97 36 8 38 30 54 58 78 72 44 38 91 76 3 24 21 34 56 70 19 23 62 45 40 74 86 59 47 81 8 71 35 45 51 99 66 37 53 66 49 4 27 28 8 31 45 10 86 9 84 28 25 52 27 88 53 94 100 35 69 90 45 13 93 18 27 29 50 86 44 32 34 15 100 42 62 42 46 79 27 27 23 94 62 89 88 84 33 4 45 13 9 92 42 22 75 60 1 45 85 84 18 97 62 41 26 39 
69 81 67 60 25 95 30 9 77 99 25 91 67 56 13 31 3 48 2 37 84 58 24 64 40 98 13 97 59 70 19 26 19 10 9 24 58 26 15 81 5 52 32 62 22 94 1 72 96 17 92 15 42 65 66 57 81 20 53 36 69 60 21 83 50 27 62 24 94 64 9 35 86 72 29 73 61 23 44 55 91 78 80 5 79 86 3 22 25 64 50 56 67 93 97 67 87 25 88 36 13 1 67 57 43 4 9 59 40 94 88 65 1 35 77 68 22 10 99 97 61 81 22 49 16 79 19 41 41 18 54 74 87 44 64 17 12 9 50 15 22 71 38 61 51 59 59 59 8 92 
4 95 37 24 2 98 16 11 27 68 46 26 97 71 78 83 16 24 3 72 15 1 77 54 45 73 22 4 58 72 16 96 10 7 100 93 74 21 11 73 13 66 25 32 63 85 79 22 96 100 57 74 27 57 38 5 79 77 35 21 34 77 91 5 5 48 76 55 39 22 10 38 30 19 62 3 22 93 80 21 12 44 75 84 35 11 93 53 2 9 37 38 35 4 67 11 25 30 66 73 18 23 84 22 71 16 36 84 22 45 23 29 96 80 86 6 21 21 62 91 44 27 22 98 16 18 97 83 35 33 15 35 33 50 66 25 64 19 49 64 54 74 98 32 100 22 3 52 51 73 
15 50 82 86 82 9 16 83 8 81 2 4 8 55 17 19 22 90 99 3 11 78 14 68 8 13 50 31 92 69 97 91 36 44 20 12 85 76 68 41 48 54 29 47 54 39 14 86 58 51 23 21 71 61 46 99 86 88 31 16 93 58 93 76 54 77 60 58 76 82 29 77 47 91 78 30 65 17 35 15 72 67 92 8 6 85 27 5 32 79 68 70 36 73 56 67 95 54 35 16 28 18 83 80 97 58 78 18 96 88 68 66 64 18 68 68 34 52 85 20 86 26 73 89 37 60 12 36 50 55 44 83 93 86 57 37 55 13 43 29 46 98 52 23 14 33 85 92 70 12 
66 50 28 94 67 43 52 30 79 56 35 55 58 47 39 21 19 85 18 85 11 56 70 95 79 48 88 94 32 48 2 42 91 37 95 22 9 30 90 68 11 94 96 17 98 53 99 99 22 82 29 12 59 61 48 77 74 40 1 19 24 15 32 39 28 56 50 61 18 38 99 13 7 74 100 13 49 36 9 4 52 48 71 87 29 38 55 13 80 86 76 50 73 100 38 38 1 3 18 81 47 98 78 76 50 11 3 73 29 76 35 22 14 11 40 99 75 51 71 54 6 74 40 99 41 94 87 19 74 96 10 25 25 99 23 78 54 28 38 14 63 60 78 97 91 96 49 98 42 64 
19 86 71 85 100 87 67 100 85 36 7 78 7 43 91 90 97 88 29 100 64 8 51 57 86 44 29 25 51 63 40 62 34 17 5 22 35 23 13 19 65 6 39 10 44 34 63 5 57 2 31 29 49 66 8 98 86 57 91 94 73 63 37 67 86 85 59 68 50 22 17 75 32 36 76 25 99 98 74 21 7 70 88 70 52 94 31 86 14 17 71 19 13 29 87 22 56 57 17 50 36 83 9 39 41 49 71 12 21 96 55 11 9 23 4 64 75 74 43 39 4 7 32 47 14 50 57 45 22 71 61 13 84 56 91 96 35 35 28 16 98 42 51 5 27 82 92 30 30 67 
64 48 57 79 52 94 5 93 84 28 17 21 43 46 23 55 31 7 97 77 69 74 73 79 68 8 66 15 91 15 23 89 37 1 23 6 40 62 23 81 6 75 54 89 13 95 46 41 34 57 96 12 65 90 82 37 23 76 83 62 92 9 36 81 32 21 13 78 16 72 70 97 29 56 36 80 26 10 64 55 24 60 5 34 44 66 20 11 98 87 12 55 38 70 89 9 46 27 37 57 73 63 54 51 40 57 78 16 69 92 36 89 60 50 27 80 44 27 64 69 78 79 100 21 37 29 53 92 92 62 90 44 12 12 14 56 24 4 65 25 44 64 59 26 95 26 90 73 26 50 
48 35 96 23 43 82 56 53 73 6 68 5 26 37 13 13 31 51 54 72 26 100 8 72 55 1 25 95 42 67 67 56 87 26 61 31 58 35 61 21 91 75 7 87 76 9 82 32 70 72 76 33 1 82 66 99 43 60 17 43 61 20 13 57 33 68 16 37 98 22 47 83 30 27 35 32 77 79 4 42 34 50 16 3 82 41 30 34 77 93 33 17 98 54 51 62 89 79 68 49 46 62 7 8 95 81 76 68 96 16 45 8 8 88 52 91 83 52 63 36 62 76 94 71 83 76 63 83 38 79 51 98 37 86 55 12 96 60 67 52 89 3 12 34 55 44 77 29 41 90 
17 45 91 10 71 4 60 1 67 65 47 60 60 10 91 65 80 89 47 73 38 98 43 80 2 59 96 64 34 73 4 30 64 53 33 26 96 100 28 45 33 37 27 74 35 21 76 17 67 90 17 81 48 55 1 13 100 24 94 50 45 41 96 85 79 82 31 54 1 50 90 27 29 46 4 91 25 8 12 9 88 30 35 76 30 70 50 68 6 16 11 45 62 94 64 31 14 24 48 50 31 39 18 76 36 83 77 94 39 67 73 96 27 31 13 22 47 22 86 32 86 71 17 87 32 62 56 15 15 72 4 20 59 28 78 43 45 95 5 61 4 94 82 46 76 7 2 69 2 71 
48 64 86 8 7 24 100 63 17 2 21 2 71 10 65 68 74 47 63 22 98 56 79 29 13 37 8 90 64 21 88 9 53 89 42 41 73 83 9 46 15 41 98 79 23 38 86 59 66 70 92 43 49 21 45 58 92 42 74 51 29 37 83 45 16 10 21 58 60 58 2 78 20 63 80 9 26 95 23 91 7 41 35 2 78 33 24 94 68 38 59 22 37 92 18 100 41 24 81 79 5 76 11 78 7 23 58 82 28 100 43 18 12 74 86 7 68 54 47 82 56 90 29 16 100 76 45 54 9 33 61 42 15 68 23 80 57 91 61 93 39 39 94 43 51 21 91 96 90 15 
20 33 94 44 69 59 48 64 17 21 95 47 22 24 56 5 50 10 22 69 29 63 34 35 95 72 6 63 41 95 28 15 52 17 46 56 93 99 39 74 94 65 38 89 72 98 81 91 47 13 44 48 20 73 60 4 19 94 25 94 73 70 25 49 86 54 10 37 77 99 52 86 51 15 88 68 20 6 80 43 88 73 49 9 93 80 79 65 86 50 25 98 30 25 38 7 25 61 10 7 93 81 15 42 48 29 19 29 79 33 27 42 13 51 41 94 32 70 20 74 25 80 95 98 3 48 76 62 74 76 4 84 19 73 93 43 49 100 24 42 19 20 6 89 10 68 4 43 45 54 
17 16 69 32 38 80 9 89 22 81 42 21 26 69 96 40 23 78 20 93 42 99 50 80 36 27 27 7 15 58 84 59 47 16 39 20 82 44 27 3 20 31 68 42 6 90 24 15 67 70 40 65 76 12 31 35 47 55 88 54 80 22 88 28 14 85 37 40 73 85 44 100 49 41 42 46 11 45 59 46 4 72 77 87 11 39 7 41 49 16 23 59 46 73 81 59 84 68 98 58 20 29 7 43 50 98 51 61 2 84 74 98 60 38 27 38 79 52 12 90 100 77 88 96 95 4 56 49 42 31 25 68 21 3 9 38 98 3 23 24 27 29 88 7 75 55 13 68 2 100 
19 6 13 12 68 14 62 63 93 99 6 70 82 75 13 21 68 38 61 1 26 6 96 6 1 33 31 80 18 76 67 77 86 53 23 67 18 90 56 58 34 35 99 24 99 20 82 16 93 83 38 28 61 15 58 62 19 35 38 4 38 75 31 60 27 69 84 30 35 4 70 30 5 26 25 48 8 40 31 65 81 85 42 18 57 20 31 60 51 64 37 60 37 21 92 74 37 52 36 57 59 10 3 85 76 44 5 29 65 32 24 8 42 75 60 53 11 100 2 26 11 62 92 71 79 90 86 71 77 31 45 31 1 74 55 1 34 44 69 28 36 63 27 43 34 51 2 2 98 92 
74 93 74 88 37 95 7 95 96 13 21 31 75 77 100 49 39 79 57 46 32 34 77 56 85 74 32 36 55 74 96 1 81 63 75 72 17 18 17 76 29 99 31 19 29 95 28 5 10 77 34 82 75 69 44 57 68 65 88 59 42 31 29 30 5 38 90 94 82 65 88 11 54 40 12 36 56 95 18 68 3 57 64 85 16 69 52 10 1 91 87 72 84 81 22 23 15 71 34 83 71 63 5 36 65 91 30 1 64 32 12 8 76 63 65 4 33 81 47 69 85 80 40 14 50 64 36 56 100 71 21 86 68 46 63 70 38 8 70 34 57 99 37 14 95 58 29 50 27 97 
82 65 79 83 39 22 45 38 45 89 46 72 41 49 30 41 22 31 68 40 23 39 74 96 25 52 88 69 55 71 93 31 85 61 78 7 90 52 87 29 61 45 5 30 17 56 98 58 62 45 5 57 42 3 73 78 41 9 9 68 48 57 18 62 60 34 4 34 48 47 18 52 51 84 62 80 37 27 3 22 3 61 11 50 27 23 73 14 29 68 96 25 56 5 30 27 36 63 50 95 70 48 16 100 22 99 64 59 60 96 88 100 78 58 89 65 20 39 78 92 76 24 22 31 7 71 4 93 40 78 33 49 87 58 58 63 23 55 45 79 41 17 88 70 13 37 100 90 79 2 
19 33 93 22 74 53 44 43 85 27 86 99 39 26 84 88 61 80 40 96 68 30 23 96 57 57 35 89 82 37 91 83 89 67 93 64 31 36 35 89 27 17 21 36 89 84 4 25 94 26 64 45 79 100 90 35 5 100 91 12 63 18 77 22 23 64 77 56 30 32 30 26 19 50 29 52 50 70 22 37 17 90 94 66 100 31 66 71 89 93 50 89 88 93 5 21 24 60 14 35 88 67 54 41 2 47 62 20 75 94 51 41 20 32 14 36 9 39 43 60 26 17 47 99 58 9 93 89 11 71 16 21 44 65 51 15 98 41 57 11 67 64 56 53 61 38 54 75 45 36 
95 8 76 36 46 55 66 22 27 83 84 83 33 6 14 78 33 60 36 72 36 18 94 80 3 84 23 82 71 94 87 32 67 34 76 92 70 14 9 20 66 100 14 88 52 43 77 54 3 41 39 5 11 92 52 66 94 87 50 61 23 89 28 57 42 68 66 36 51 89 77 98 43 44 9 14 79 14 93 23 99 75 3 61 6 30 88 54 64 2 7 70 17 51 8 55 20 15 100 13 34 91 21 94 44 46 66 16 42 59 25 7 66 37 57 11 51 21 21 26 60 5 8 84 46 82 79 95 35 98 25 49 2 55 56 96 91 90 96 19 76 100 37 15 66 95 82 54 22 86 
74 93 10 7 31 61 76 94 46 89 68 52 36 78 67 15 6 69 5 35 33 46 91 100 9 46 70 35 2 87 38 24 28 39 58 81 30 66 25 75 77 78 13 44 63 2 18 76 53 36 19 54 62 23 70 54 53 12 13 60 22 48 87 17 7 76 88 67 37 37 87 99 70 70 42 47 58 98 61 32 64 99 8 42 85 68 11 8 88 43 43 2 9 25 53 47 45 54 46 63 35 93 86 93 87 56 66 3 24 10 94 15 88 57 10 69 68 36 76 5 71 65 9 56 87 100 68 70 68 54 40 38 83 59 27 37 13 98 98 51 45 73 64 83 45 83 20 97 88 47 
80 20 3 31 31 51 20 51 88 56 48 81 72 86 32 28 34 96 9 90 76 90 52 75 41 29 82 20 48 63 21 11 37 93 59 2 47 19 84 88 87 42 17 20 32 29 98 59 5 42 32 24 51 74 15 98 94 9 58 86 27 97 78 7 7 42 63 98 4 35 58 99 45 70 36 56 52 23 83 45 81 16 100 55 47 64 51 25 12 90 18 31 55 50 35 76 16 90 34 51 96 54 18 58 58 24 44 9 15 89 5 49 1 24 93 40 40 92 77 36 69 47 64 77 58 98 67 16 29 54 98 82 60 78 41 65 7 23 91 79 55 91 47 77 73 47 37 11 69 6 
57 17 80 24 78 57 27 34 65 50 93 95 67 18 72 53 52 40 93 56 2 10 78 31 13 48 45 85 83 73 91 46 70 6 8 27 32 76 35 76 13 68 42 96 21 69 45 80 38 35 77 75 98 90 24 67 21 99 80 72 51 24 35 4 80 66 97 50 50 48 75 4 72 2 29 46 21 7 89 49 75 9 71 97 40 70 98 33 9 94 73 11 66 8 15 88 43 52 63 26 40 6 95 23 13 84 25 51 76 53 83 35 78 51 100 23 42 44 77 3 49 54 26 16 63 89 28 95 19 61 93 85 84 39 66 12 78 99 92 19 21 46 25 61 94 49 9 6 47 61 
23 72 65 30 54 60 41 78 37 84 25 81 87 47 31 42 35 32 71 23 39 62 55 100 64 43 92 74 13 20 42 32 16 54 7 11 81 2 31 18 64 3 37 100 10 61 76 19 17 43 20 79 91 47 56 88 55 14 61 54 90 47 18 85 24 77 49 3 29 54 9 37 59 54 3 9 52 97 2 75 98 95 55 60 7 75 67 20 42 70 64 39 80 28 91 44 10 99 4 41 40 76 60 50 27 96 85 92 31 56 48 48 18 42 95 33 42 75 2 31 74 22 19 87 60 46 42 96 76 64 54 74 12 17 13 62 88 78 63 3 80 26 79 15 50 35 4 87 40 80 
31 23 4 51 36 46 52 27 95 83 70 54 6 28 48 88 58 29 26 67 77 25 44 49 3 72 31 69 18 78 47 8 15 57 36 8 91 8 14 66 77 10 99 37 82 74 39 48 58 15 94 55 75 38 72 43 67 77 7 65 10 66 83 24 58 92 2 16 72 52 62 70 16 58 22 87 100 69 65 57 87 64 6 61 38 93 84 80 36 50 41 16 29 18 5 37 97 14 44 82 11 18 5 42 81 51 48 21 99 33 44 10 56 84 87 3 66 91 35 24 65 87 2 35 93 97 52 77 43 20 38 86 51 36 44 24 4 53 6 63 13 8 42 35 76 7 19 41 39 11 
17 68 92 80 23 13 39 9 38 27 5 60 13 80 5 86 23 75 31 73 60 17 80 32 91 93 29 72 72 46 57 48 15 66 76 64 81 91 1 62 25 33 85 39 67 22 50 29 78 31 19 88 25 11 38 84 33 8 71 57 27 77 96 67 75 11 34 79 39 89 64 64 99 9 43 49 29 73 45 8 66 42 83 43 91 77 48 29 99 81 41 87 41 51 66 35 22 65 52 25 49 89 9 75 98 35 43 85 78 64 93 82 57 3 51 6 32 68 36 99 27 38 89 23 69 85 35 52 33 77 56 71 44 57 8 43 57 21 42 16 35 67 61 59 15 96 98 51 14 77 
4 19 26 52 5 20 13 15 47 65 22 66 20 68 94 44 6 15 48 47 79 74 6 27 85 53 80 61 39 15 24 34 81 78 9 63 82 43 33 55 83 76 79 57 69 91 29 23 91 80 58 60 92 96 74 71 95 50 42 90 57 15 71 20 32 25 47 10 95 98 41 51 36 41 48 2 33 52 72 69 25 29 94 22 18 13 72 35 1 71 54 10 65 26 41 63 25 81 30 56 88 84 38 55 52 25 70 34 90 75 8 15 5 10 51 1 12 37 72 30 67 44 91 87 12 35 11 25 35 25 3 38 57 10 28 34 1 59 91 78 49 89 63 41 20 53 74 38 87 83 
42 38 1 43 85 39 74 67 72 6 57 84 29 3 94 68 23 75 31 31 24 34 52 38 50 7 44 74 24 39 67 66 28 70 4 74 17 11 99 33 69 1 38 91 41 2 80 68 76 25 22 26 86 47 17 25 86 6 15 24 78 79 6 58 57 58 98 91 43 73 21 10 3 99 41 25 94 55 10 75 66 15 4 35 33 30 7 63 21 58 73 19 27 32 43 94 95 20 50 21 32 7 18 77 18 92 46 35 64 99 100 43 35 59 97 71 91 72 15 66 12 12 14 74 45 98 67 46 73 26 6 37 87 94 98 11 53 83 100 6 75 65 33 1 27 5 8 76 10 33 
51 96 12 31 100 79 13 18 46 36 53 36 66 8 14 35 10 72 42 19 76 6 14 42 93 38 24 86 91 36 26 93 23 97 48 63 95 34 94 46 61 7 35 4 79 8 23 4 30 1 69 3 60 70 36 98 66 23 11 5 29 95 87 58 59 16 5 89 3 48 12 46 67 44 83 26 20 68 10 83 19 8 47 2 98 15 65 52 3 50 40 43 34 27 81 30 39 10 4 45 57 7 3 62 1 29 45 7 59 24 91 72 27 81 50 9 100 45 59 40 47 96 45 35 22 92 91 79 26 78 54 42 24 33 89 64 38 23 30 36 49 46 77 72 45 28 47 11 86 18 
32 92 92 24 57 75 67 17 27 41 43 84 86 35 43 4 27 63 57 12 89 67 100 38 25 52 55 40 3 15 13 47 68 84 86 48 71 33 65 74 8 18 37 84 85 56 54 40 4 63 84 66 31 36 52 59 69 1 23 23 32 79 18 95 21 97 65 43 50 42 82 24 45 90 11 29 75 87 5 76 23 45 62 35 53 95 100 84 23 84 97 34 51 77 11 63 75 68 88 84 81 2 20 26 42 97 14 51 69 88 87 56 26 71 81 53 14 51 73 84 54 6 35 91 10 31 86 24 2 51 32 28 42 28 12 55 100 45 68 42 49 16 53 49 62 33 48 3 46 100 
90 5 19 48 14 64 27 49 95 35 98 76 63 99 18 79 67 29 5 57 66 4 87 57 45 16 42 13 27 17 86 33 36 27 4 39 12 62 8 1 29 24 57 25 50 44 46 45 70 2 47 61 25 45 72 83 76 98 89 56 1 82 47 76 14 87 95 40 45 60 35 85 91 29 47 10 99 74 48 49 79 75 74 25 42 74 60 89 48 25 23 38 97 46 63 77 74 15 55 55 89 63 97 45 86 69 79 79 10 13 12 32 85 68 46 32 12 52 32 45 68 80 60 99 63 33 26 10 82 67 74 12 29 95 39 56 41 42 30 42 27 34 1 84 92 22 53 57 24 30 
7 17 15 21 100 4 36 15 5 37 14 75 61 90 41 5 71 50 47 54 10 49 75 91 41 90 53 5 10 66 48 58 85 14 56 40 42 18 10 43 40 19 60 76 31 21 88 37 96 36 56 12 1 96 94 46 4 25 82 35 27 8 32 70 99 90 11 19 5 61 50 47 43 5 28 15 87 70 13 43 51 85 94 70 86 4 74 50 26 1 51 25 67 34 31 50 73 77 63 32 11 92 58 52 81 69 19 63 82 11 91 43 17 54 22 15 100 44 5 52 12 12 15 34 30 11 63 70 20 58 62 99 18 6 77 41 22 66 86 19 72 25 85 11 16 4 36 39 29 84 
91 32 86 63 73 70 8 84 3 92 90 54 33 78 28 66 57 58 62 16 87 7 66 95 82 6 34 41 38 28 24 64 70 55 5 56 33 76 87 5 54 95 94 66 34 54 44 61 82 45 47 67 83 89 8 10 19 68 9 78 93 74 45 97 32 23 4 62 77 33 36 81 93 15 97 47 30 42 25 50 12 59 80 27 40 42 27 39 87 13 43 54 43 92 11 43 48 92 58 19 26 45 93 35 79 96 80 78 92 59 56 41 34 80 82 68 76 23 5 49 57 66 99 18 72 22 68 2 62 22 81 8 2 31 82 47 68 55 23 54 86 6 46 97 85 2 35 77 38 29 
