25 40
6 20 40 42 31 25 70 20 43 4 11 94 40 76 29 80 60 65 51 88 6 92 39 65 15 62 24 35 11 91 84 9 81 43 28 73 4 30 11 12 
16 83 4 81 5 52 1 28 47 66 85 60 99 97 20 18 98 24 33 17 84 42 96 82 76 32 76 91 25 3 27 21 4 27 44 69 92 39 9 1 
8 79 87 24 83 98 91 86 69 88 5 22 42 89 75 77 44 4 69 34 88 65 70 86 95 22 5 58 90 96 73 90 44 50 55 73 76 55 11 93 
96 4 51 48 40 27 30 36 86 48 2 66 99 86 89 15 34 25 91 35 95 19 63 32 54 69 38 28 29 26 21 88 36 17 32 60 75 87 36 68 
58 50 4 66 8 94 97 27 53 82 58 97 71 7 18 11 8 61 75 16 77 5 83 59 38 94 97 79 52 50 73 66 40 72 95 46 43 32 70 61 
85 14 35 29 14 93 63 28 46 17 13 91 79 38 31 61 38 100 31 33 72 6 40 94 31 90 83 49 94 27 17 98 39 46 86 58 31 30 100 71 
1 27 1 34 51 14 70 17 34 46 79 60 30 14 82 52 29 50 32 96 95 87 1 61 68 63 35 34 62 84 99 53 45 42 75 23 78 51 90 56 
37 1 76 62 96 75 35 42 2 65 1 79 85 91 68 90 5 37 37 39 56 90 61 34 42 92 67 27 67 40 90 52 8 13 26 26 28 21 7 11 
82 19 55 88 25 56 27 36 74 43 96 17 86 36 55 67 18 32 46 39 36 46 80 60 99 98 10 26 55 4 92 15 21 12 12 25 98 57 77 86 
47 31 9 78 34 80 36 64 79 84 23 89 41 50 15 31 67 59 44 73 32 23 64 7 67 29 1 35 94 7 62 83 9 14 55 84 11 16 37 19 
13 89 19 43 39 45 47 19 84 35 5 87 96 100 49 62 99 97 20 55 94 4 60 40 83 83 97 44 32 56 84 3 47 97 16 57 27 15 59 85 
44 40 79 74 36 91 47 33 64 51 58 26 20 78 74 28 90 1 8 31 100 19 92 52 56 30 5 76 55 47 41 100 11 74 35 98 77 4 87 57 
56 37 39 21 63 74 94 35 86 79 79 18 80 60 58 81 41 8 75 87 22 10 78 89 8 1 33 36 72 91 38 22 35 91 78 9 95 41 87 26 
66 69 32 38 71 70 44 86 36 99 46 61 42 96 38 13 63 79 66 65 46 99 48 2 65 97 51 84 40 4 48 73 25 79 6 64 26 98 47 85 
59 77 50 54 65 92 13 24 87 34 19 98 100 37 41 10 41 94 32 97 19 97 49 86 84 52 64 79 1 59 99 48 63 91 73 20 62 11 11 38 
22 42 7 74 16 28 17 24 49 93 41 48 93 96 27 28 93 15 99 70 70 97 37 10 19 24 84 98 98 58 34 91 13 78 68 28 78 21 45 5 
97 86 15 15 34 46 76 80 74 19 51 87 40 22 63 79 58 62 52 100 9 64 63 66 3 90 53 85 29 58 6 83 97 23 62 12 9 12 4 66 
12 80 26 100 64 36 99 78 88 69 39 11 35 97 53 6 63 90 85 70 89 80 87 2 62 85 92 93 45 14 61 3 63 33 68 68 82 83 71 45 
23 89 80 78 39 8 42 75 15 38 65 77 56 40 57 5 38 45 85 46 78 98 34 42 30 3 68 21 51 34 24 28 98 43 84 47 38 73 80 97 
82 8 89 47 58 1 2 86 61 57 35 47 26 27 5 63 42 83 100 21 96 37 47 61 75 87 5 65 19 81 99 25 95 95 26 11 42 69 69 83 
65 52 94 73 23 56 73 14 73 75 33 52 74 17 37 29 42 44 67 62 70 67 20 83 29 73 57 12 95 53 63 99 94 35 20 38 75 82 94 7 
98 69 63 10 58 78 26 90 70 31 13 69 83 26 48 87 93 66 29 71 29 87 7 23 69 71 52 8 84 97 91 76 7 77 50 78 14 61 62 54 
3 93 89 24 96 4 10 38 52 82 25 3 18 83 55 71 35 88 94 25 98 23 83 10 4 38 1 6 58 28 93 13 46 4 14 44 61 22 42 80 
30 5 28 82 6 86 27 50 33 97 88 8 50 29 48 100 92 90 84 53 33 47 12 9 67 10 68 9 34 85 37 94 35 79 63 61 100 12 91 84 
77 47 85 46 44 87 88 19 69 73 46 43 2 59 90 15 89 3 37 85 74 73 87 14 39 83 81 34 79 1 7 96 62 88 29 45 69 34 53 37 
