matrix 1 3 4 5 0.000000000000000
matrix 1 3 4 5 0.011999845504761
matrix 1 3 4 5 0.005000114440918
matrix 1 3 4 5 0.000000000000000
matrix 1 3 4 5 0.000000000000000
matrix 1 3 4 5 0.002000093460083
matrix 1 3 4 5 0.004999876022339
matrix 1 3 4 5 0.000000000000000
matrix 1 3 4 5 0.001999855041504
matrix 1 3 4 5 0.000000000000000
matrix 1 3 4 5 0.001999855041504
matrix 1 3 4 5 0.000000000000000
matrix 1 3 4 5 0.002000093460083
matrix 1 3 4 5 0.006000041961670
matrix 1 3 4 5 0.006000041961670
matrix 1 3 4 5 0.004000186920166
matrix 1 3 4 5 0.002000093460083
matrix 1 3 4 5 0.000000000000000
matrix 1 3 4 5 0.008000135421753
matrix 1 3 4 5 0.000000000000000
matrix 1 3 4 5 0.002000093460083
matrix 1 3 4 5 0.000000000000000
matrix 1 3 4 5 0.001999855041504
matrix 1 3 4 5 0.003000020980835
matrix 1 3 4 5 0.000000000000000
matrix 1 3 4 5 0.000000000000000
matrix 1 3 4 5 0.003999948501587
matrix 1 3 4 5 0.001999855041504
matrix 1 3 4 5 0.002000093460083
matrix 1 3 4 5 0.003000020980835
matrix 1 3 4 5 0.005000114440918
matrix 1 3 4 5 0.000999927520752
matrix 1 3 4 5 0.000999927520752
matrix 1 3 4 5 0.000000000000000
matrix 1 3 4 5 0.003999948501587
matrix 1 3 4 5 0.003999948501587
matrix 1 3 4 5 0.000000000000000
matrix 1 3 4 5 0.000000000000000
matrix 1 3 4 5 0.005000114440918
matrix 1 3 4 5 0.000999927520752
matrix 1 3 4 5 0.002000093460083
matrix 1 3 4 5 0.003000020980835
matrix 1 3 4 5 0.000999927520752
matrix 1 3 4 5 0.000000000000000
matrix 1 3 4 5 0.000000000000000
matrix 1 3 4 5 0.000000000000000
matrix 1 3 4 5 0.006000041961670
matrix 1 3 4 5 0.002000093460083
matrix 1 3 4 5 0.003000020980835
matrix 1 3 4 5 0.000000000000000
matrix 2 3 4 5 0.001000165939331
matrix 2 3 4 5 0.002000093460083
matrix 2 3 4 5 0.000999927520752
matrix 2 3 4 5 0.006000041961670
matrix 2 3 4 5 0.000000000000000
matrix 2 3 4 5 0.006999969482422
matrix 2 3 4 5 0.000999927520752
matrix 2 3 4 5 0.000000000000000
matrix 2 3 4 5 0.000999927520752
matrix 2 3 4 5 0.000000000000000
matrix 2 3 4 5 0.000000000000000
matrix 2 3 4 5 0.003000020980835
matrix 2 3 4 5 0.000999927520752
matrix 2 3 4 5 0.001000165939331
matrix 2 3 4 5 0.002999782562256
matrix 2 3 4 5 0.000000000000000
matrix 2 3 4 5 0.006000041961670
matrix 2 3 4 5 0.003000020980835
matrix 2 3 4 5 0.001999855041504
matrix 2 3 4 5 0.001000165939331
matrix 2 3 4 5 0.000000000000000
matrix 2 3 4 5 0.003999948501587
matrix 2 3 4 5 0.001000165939331
matrix 2 3 4 5 0.000999927520752
matrix 2 3 4 5 0.006000041961670
matrix 2 3 4 5 0.007999897003174
matrix 2 3 4 5 0.000999927520752
matrix 2 3 4 5 0.003999948501587
matrix 2 3 4 5 0.000000000000000
matrix 2 3 4 5 0.000999927520752
matrix 2 3 4 5 0.002000093460083
matrix 2 3 4 5 0.006000041961670
matrix 2 3 4 5 0.000999927520752
matrix 2 3 4 5 0.005000114440918
matrix 2 3 4 5 0.001000165939331
matrix 2 3 4 5 0.000000000000000
matrix 2 3 4 5 0.001999855041504
matrix 2 3 4 5 0.002000093460083
matrix 2 3 4 5 0.000999927520752
matrix 2 3 4 5 0.001000165939331
matrix 2 3 4 5 0.006999969482422
matrix 2 3 4 5 0.003000020980835
matrix 2 3 4 5 0.001000165939331
matrix 2 3 4 5 0.011000156402588
matrix 2 3 4 5 0.006000041961670
matrix 2 3 4 5 0.002000093460083
matrix 2 3 4 5 0.002000093460083
matrix 2 3 4 5 0.001000165939331
matrix 2 3 4 5 0.000000000000000
matrix 2 3 4 5 0.002000093460083
matrix 3 3 4 5 0.003999948501587
matrix 3 3 4 5 0.001000165939331
matrix 3 3 4 5 0.003000020980835
matrix 3 3 4 5 0.001000165939331
matrix 3 3 4 5 0.007999897003174
matrix 3 3 4 5 0.003000020980835
matrix 3 3 4 5 0.003000020980835
matrix 3 3 4 5 0.006000041961670
matrix 3 3 4 5 0.006999969482422
matrix 3 3 4 5 0.000999927520752
matrix 3 3 4 5 0.002000093460083
matrix 3 3 4 5 0.003000020980835
matrix 3 3 4 5 0.003999948501587
matrix 3 3 4 5 0.002999782562256
matrix 3 3 4 5 0.000000000000000
matrix 3 3 4 5 0.006000041961670
matrix 3 3 4 5 0.000000000000000
matrix 3 3 4 5 0.001999855041504
matrix 3 3 4 5 0.001999855041504
matrix 3 3 4 5 0.000000000000000
matrix 3 3 4 5 0.008000135421753
matrix 3 3 4 5 0.008000135421753
matrix 3 3 4 5 0.000999927520752
matrix 3 3 4 5 0.000000000000000
matrix 3 3 4 5 0.003999948501587
matrix 3 3 4 5 0.004999876022339
matrix 3 3 4 5 0.002000093460083
matrix 3 3 4 5 0.006000041961670
matrix 3 3 4 5 0.002000093460083
matrix 3 3 4 5 0.004000186920166
matrix 3 3 4 5 0.003000020980835
matrix 3 3 4 5 0.000000000000000
matrix 3 3 4 5 0.001999855041504
matrix 3 3 4 5 0.005000114440918
matrix 3 3 4 5 0.003000020980835
matrix 3 3 4 5 0.011000156402588
matrix 3 3 4 5 0.002000093460083
matrix 3 3 4 5 0.002999782562256
matrix 3 3 4 5 0.000999927520752
matrix 3 3 4 5 0.000999927520752
matrix 3 3 4 5 0.001000165939331
matrix 3 3 4 5 0.003000020980835
matrix 3 3 4 5 0.003999948501587
matrix 3 3 4 5 0.002000093460083
matrix 3 3 4 5 0.002000093460083
matrix 3 3 4 5 0.003999948501587
matrix 3 3 4 5 0.004999876022339
matrix 3 3 4 5 0.003000020980835
matrix 3 3 4 5 0.000999927520752
matrix 3 3 4 5 0.003999948501587
matrix 4 3 4 5 0.002000093460083
matrix 4 3 4 5 0.002000093460083
matrix 4 3 4 5 0.003000020980835
matrix 4 3 4 5 0.007999897003174
matrix 4 3 4 5 0.003000020980835
matrix 4 3 4 5 0.001000165939331
matrix 4 3 4 5 0.000999927520752
matrix 4 3 4 5 0.003999948501587
matrix 4 3 4 5 0.008000135421753
matrix 4 3 4 5 0.003000020980835
matrix 4 3 4 5 0.000000000000000
matrix 4 3 4 5 0.007999897003174
matrix 4 3 4 5 0.007999897003174
matrix 4 3 4 5 0.000999927520752
matrix 4 3 4 5 0.006999969482422
matrix 4 3 4 5 0.002000093460083
matrix 4 3 4 5 0.000999927520752
matrix 4 3 4 5 0.002000093460083
matrix 4 3 4 5 0.014999866485596
matrix 4 3 4 5 0.006000041961670
matrix 4 3 4 5 0.000999927520752
matrix 4 3 4 5 0.007000207901001
matrix 4 3 4 5 0.001000165939331
matrix 4 3 4 5 0.002000093460083
matrix 4 3 4 5 0.003000020980835
matrix 4 3 4 5 0.000999927520752
matrix 4 3 4 5 0.002000093460083
matrix 4 3 4 5 0.006999969482422
matrix 4 3 4 5 0.000999927520752
matrix 4 3 4 5 0.006999969482422
matrix 4 3 4 5 0.004000186920166
matrix 4 3 4 5 0.007999897003174
matrix 4 3 4 5 0.000000000000000
matrix 4 3 4 5 0.005999803543091
matrix 4 3 4 5 0.001000165939331
matrix 4 3 4 5 0.004999876022339
matrix 4 3 4 5 0.006999969482422
matrix 4 3 4 5 0.008000135421753
matrix 4 3 4 5 0.003000020980835
matrix 4 3 4 5 0.002000093460083
matrix 4 3 4 5 0.003000020980835
matrix 4 3 4 5 0.007999897003174
matrix 4 3 4 5 0.007999897003174
matrix 4 3 4 5 0.003999948501587
matrix 4 3 4 5 0.006000041961670
matrix 4 3 4 5 0.006999969482422
matrix 4 3 4 5 0.002000093460083
matrix 4 3 4 5 0.007999897003174
matrix 4 3 4 5 0.007999897003174
matrix 4 3 4 5 0.002000093460083
matrix 5 3 4 5 0.002000093460083
matrix 5 3 4 5 0.000999927520752
matrix 5 3 4 5 0.006000041961670
matrix 5 3 4 5 0.006999969482422
matrix 5 3 4 5 0.005999803543091
matrix 5 3 4 5 0.003000020980835
matrix 5 3 4 5 0.003999948501587
matrix 5 3 4 5 0.000000000000000
matrix 5 3 4 5 0.003999948501587
matrix 5 3 4 5 0.006000041961670
matrix 5 3 4 5 0.008999824523926
matrix 5 3 4 5 0.007000207901001
matrix 5 3 4 5 0.000999927520752
matrix 5 3 4 5 0.014000177383423
matrix 5 3 4 5 0.003000020980835
matrix 5 3 4 5 0.009000062942505
matrix 5 3 4 5 0.008999824523926
matrix 5 3 4 5 0.010999917984009
matrix 5 3 4 5 0.000999927520752
matrix 5 3 4 5 0.012000083923340
matrix 5 3 4 5 0.009000062942505
matrix 5 3 4 5 0.009000062942505
matrix 5 3 4 5 0.000999927520752
matrix 5 3 4 5 0.006999969482422
matrix 5 3 4 5 0.003000020980835
matrix 5 3 4 5 0.000000000000000
matrix 5 3 4 5 0.008000135421753
matrix 5 3 4 5 0.004999876022339
matrix 5 3 4 5 0.003999948501587
matrix 5 3 4 5 0.000000000000000
matrix 5 3 4 5 0.006000041961670
matrix 5 3 4 5 0.006999969482422
matrix 5 3 4 5 0.004999876022339
matrix 5 3 4 5 0.001000165939331
matrix 5 3 4 5 0.003000020980835
matrix 5 3 4 5 0.000999927520752
matrix 5 3 4 5 0.017000198364258
matrix 5 3 4 5 0.003000020980835
matrix 5 3 4 5 0.004999876022339
matrix 5 3 4 5 0.000000000000000
matrix 5 3 4 5 0.005000114440918
matrix 5 3 4 5 0.009999990463257
matrix 5 3 4 5 0.003000020980835
matrix 5 3 4 5 0.000000000000000
matrix 5 3 4 5 0.002000093460083
matrix 5 3 4 5 0.012000083923340
matrix 5 3 4 5 0.009999990463257
matrix 5 3 4 5 0.003000020980835
matrix 5 3 4 5 0.000000000000000
matrix 5 3 4 5 0.009999990463257
matrix 6 3 4 5 0.005000114440918
matrix 6 3 4 5 0.002000093460083
matrix 6 3 4 5 0.003999948501587
matrix 6 3 4 5 0.005000114440918
matrix 6 3 4 5 0.001999855041504
matrix 6 3 4 5 0.001000165939331
matrix 6 3 4 5 0.006000041961670
matrix 6 3 4 5 0.009999990463257
matrix 6 3 4 5 0.026999950408936
matrix 6 3 4 5 0.003999948501587
matrix 6 3 4 5 0.000999927520752
matrix 6 3 4 5 0.001999855041504
matrix 6 3 4 5 0.001999855041504
matrix 6 3 4 5 0.026000022888184
matrix 6 3 4 5 0.007000207901001
matrix 6 3 4 5 0.003999948501587
matrix 6 3 4 5 0.006000041961670
matrix 6 3 4 5 0.012000083923340
matrix 6 3 4 5 0.002000093460083
matrix 6 3 4 5 0.006999969482422
matrix 6 3 4 5 0.009000062942505
matrix 6 3 4 5 0.006999969482422
matrix 6 3 4 5 0.002000093460083
matrix 6 3 4 5 0.006999969482422
matrix 6 3 4 5 0.007999897003174
matrix 6 3 4 5 0.004999876022339
matrix 6 3 4 5 0.013000011444092
matrix 6 3 4 5 0.000000000000000
matrix 6 3 4 5 0.003000020980835
matrix 6 3 4 5 0.003999948501587
matrix 6 3 4 5 0.010999917984009
matrix 6 3 4 5 0.003000020980835
matrix 6 3 4 5 0.002000093460083
matrix 6 3 4 5 0.003999948501587
matrix 6 3 4 5 0.002000093460083
matrix 6 3 4 5 0.003999948501587
matrix 6 3 4 5 0.007000207901001
matrix 6 3 4 5 0.001000165939331
matrix 6 3 4 5 0.009000062942505
matrix 6 3 4 5 0.001999855041504
matrix 6 3 4 5 0.016000032424927
matrix 6 3 4 5 0.020999908447266
matrix 6 3 4 5 0.003000020980835
matrix 6 3 4 5 0.003000020980835
matrix 6 3 4 5 0.005999803543091
matrix 6 3 4 5 0.000999927520752
matrix 6 3 4 5 0.016999959945679
matrix 6 3 4 5 0.004999876022339
matrix 6 3 4 5 0.005000114440918
matrix 6 3 4 5 0.002999782562256
matrix 7 3 4 5 0.009999990463257
matrix 7 3 4 5 0.008000135421753
matrix 7 3 4 5 0.006000041961670
matrix 7 3 4 5 0.004999876022339
matrix 7 3 4 5 0.004000186920166
matrix 7 3 4 5 0.002999782562256
matrix 7 3 4 5 0.013999938964844
matrix 7 3 4 5 0.020999908447266
matrix 7 3 4 5 0.007999897003174
matrix 7 3 4 5 0.003999948501587
matrix 7 3 4 5 0.003999948501587
matrix 7 3 4 5 0.004999876022339
matrix 7 3 4 5 0.000999927520752
matrix 7 3 4 5 0.000999927520752
matrix 7 3 4 5 0.012999773025513
matrix 7 3 4 5 0.012000083923340
matrix 7 3 4 5 0.003999948501587
matrix 7 3 4 5 0.016000032424927
matrix 7 3 4 5 0.000999927520752
matrix 7 3 4 5 0.002000093460083
matrix 7 3 4 5 0.000999927520752
matrix 7 3 4 5 0.023999929428101
matrix 7 3 4 5 0.003000020980835
matrix 7 3 4 5 0.013000011444092
matrix 7 3 4 5 0.000999927520752
matrix 7 3 4 5 0.012000083923340
matrix 7 3 4 5 0.003000020980835
matrix 7 3 4 5 0.003000020980835
matrix 7 3 4 5 0.003000020980835
matrix 7 3 4 5 0.012000083923340
matrix 7 3 4 5 0.006000041961670
matrix 7 3 4 5 0.001999855041504
matrix 7 3 4 5 0.003999948501587
matrix 7 3 4 5 0.012000083923340
matrix 7 3 4 5 0.005000114440918
matrix 7 3 4 5 0.009999990463257
matrix 7 3 4 5 0.006000041961670
matrix 7 3 4 5 0.013999938964844
matrix 7 3 4 5 0.003999948501587
matrix 7 3 4 5 0.025000095367432
matrix 7 3 4 5 0.006000041961670
matrix 7 3 4 5 0.006000041961670
matrix 7 3 4 5 0.006999969482422
matrix 7 3 4 5 0.004999876022339
matrix 7 3 4 5 0.009000062942505
matrix 7 3 4 5 0.004999876022339
matrix 7 3 4 5 0.006999969482422
matrix 7 3 4 5 0.003000020980835
matrix 7 3 4 5 0.018999814987183
matrix 7 3 4 5 0.011000156402588
matrix 8 3 4 5 0.003000020980835
matrix 8 3 4 5 0.006000041961670
matrix 8 3 4 5 0.012000083923340
matrix 8 3 4 5 0.014999866485596
matrix 8 3 4 5 0.009999990463257
matrix 8 3 4 5 0.006999969482422
matrix 8 3 4 5 0.004000186920166
matrix 8 3 4 5 0.007999897003174
matrix 8 3 4 5 0.012000083923340
matrix 8 3 4 5 0.009999990463257
matrix 8 3 4 5 0.009999990463257
matrix 8 3 4 5 0.006999969482422
matrix 8 3 4 5 0.012000083923340
matrix 8 3 4 5 0.009000062942505
matrix 8 3 4 5 0.009000062942505
matrix 8 3 4 5 0.009999990463257
matrix 8 3 4 5 0.006999969482422
matrix 8 3 4 5 0.004000186920166
matrix 8 3 4 5 0.005000114440918
matrix 8 3 4 5 0.002000093460083
matrix 8 3 4 5 0.006999969482422
matrix 8 3 4 5 0.006999969482422
matrix 8 3 4 5 0.014999866485596
matrix 8 3 4 5 0.018999814987183
matrix 8 3 4 5 0.013000011444092
matrix 8 3 4 5 0.010999917984009
matrix 8 3 4 5 0.003000020980835
matrix 8 3 4 5 0.019999980926514
matrix 8 3 4 5 0.006000041961670
matrix 8 3 4 5 0.003000020980835
matrix 8 3 4 5 0.003000020980835
matrix 8 3 4 5 0.005999803543091
matrix 8 3 4 5 0.025000095367432
matrix 8 3 4 5 0.017000198364258
matrix 8 3 4 5 0.004000186920166
matrix 8 3 4 5 0.006999969482422
matrix 8 3 4 5 0.000000000000000
matrix 8 3 4 5 0.006999969482422
matrix 8 3 4 5 0.006999969482422
matrix 8 3 4 5 0.005000114440918
matrix 8 3 4 5 0.006999969482422
matrix 8 3 4 5 0.006999969482422
matrix 8 3 4 5 0.009999990463257
matrix 8 3 4 5 0.003000020980835
matrix 8 3 4 5 0.006000041961670
matrix 8 3 4 5 0.006000041961670
matrix 8 3 4 5 0.003999948501587
matrix 8 3 4 5 0.008999824523926
matrix 8 3 4 5 0.020999908447266
matrix 8 3 4 5 0.018999814987183
matrix 9 3 4 5 0.006000041961670
matrix 9 3 4 5 0.009000062942505
matrix 9 3 4 5 0.006000041961670
matrix 9 3 4 5 0.008999824523926
matrix 9 3 4 5 0.000999927520752
matrix 9 3 4 5 0.006000041961670
matrix 9 3 4 5 0.006000041961670
matrix 9 3 4 5 0.008000135421753
matrix 9 3 4 5 0.006999969482422
matrix 9 3 4 5 0.034000158309937
matrix 9 3 4 5 0.019000053405762
matrix 9 3 4 5 0.005000114440918
matrix 9 3 4 5 0.019000053405762
matrix 9 3 4 5 0.003999948501587
matrix 9 3 4 5 0.028000116348267
matrix 9 3 4 5 0.000999927520752
matrix 9 3 4 5 0.006999969482422
matrix 9 3 4 5 0.001999855041504
matrix 9 3 4 5 0.009999990463257
matrix 9 3 4 5 0.029000043869019
matrix 9 3 4 5 0.006000041961670
matrix 9 3 4 5 0.003999948501587
matrix 9 3 4 5 0.005000114440918
matrix 9 3 4 5 0.003999948501587
matrix 9 3 4 5 0.009999990463257
matrix 9 3 4 5 0.007999897003174
matrix 9 3 4 5 0.007999897003174
matrix 9 3 4 5 0.003000020980835
matrix 9 3 4 5 0.007999897003174
matrix 9 3 4 5 0.003000020980835
matrix 9 3 4 5 0.009999990463257
matrix 9 3 4 5 0.006000041961670
matrix 9 3 4 5 0.006999969482422
matrix 9 3 4 5 0.003999948501587
matrix 9 3 4 5 0.016000032424927
matrix 9 3 4 5 0.008000135421753
matrix 9 3 4 5 0.000999927520752
matrix 9 3 4 5 0.009999990463257
matrix 9 3 4 5 0.006000041961670
matrix 9 3 4 5 0.043999910354614
matrix 9 3 4 5 0.009000062942505
matrix 9 3 4 5 0.007999897003174
matrix 9 3 4 5 0.016999959945679
matrix 9 3 4 5 0.009000062942505
matrix 9 3 4 5 0.020999908447266
matrix 9 3 4 5 0.009999990463257
matrix 9 3 4 5 0.001000165939331
matrix 9 3 4 5 0.013000011444092
matrix 9 3 4 5 0.010999917984009
matrix 9 3 4 5 0.010999917984009
matrix 10 3 4 5 0.000000000000000
matrix 10 3 4 5 0.000000000000000
matrix 10 3 4 5 0.015000104904175
matrix 10 3 4 5 0.011000156402588
matrix 10 3 4 5 0.009000062942505
matrix 10 3 4 5 0.012000083923340
matrix 10 3 4 5 0.007999897003174
matrix 10 3 4 5 0.006999969482422
matrix 10 3 4 5 0.013999938964844
matrix 10 3 4 5 0.006999969482422
matrix 10 3 4 5 0.006999969482422
matrix 10 3 4 5 0.002000093460083
matrix 10 3 4 5 0.031000137329102
matrix 10 3 4 5 0.013999938964844
matrix 10 3 4 5 0.017000198364258
matrix 10 3 4 5 0.007000207901001
matrix 10 3 4 5 0.004999876022339
matrix 10 3 4 5 0.009000062942505
matrix 10 3 4 5 0.006999969482422
matrix 10 3 4 5 0.016999959945679
matrix 10 3 4 5 0.010999917984009
matrix 10 3 4 5 0.003000020980835
matrix 10 3 4 5 0.001999855041504
matrix 10 3 4 5 0.009000062942505
matrix 10 3 4 5 0.009999990463257
matrix 10 3 4 5 0.009999990463257
matrix 10 3 4 5 0.013999938964844
matrix 10 3 4 5 0.009999990463257
matrix 10 3 4 5 0.005000114440918
matrix 10 3 4 5 0.021000146865845
matrix 10 3 4 5 0.002000093460083
matrix 10 3 4 5 0.006999969482422
matrix 10 3 4 5 0.014999866485596
matrix 10 3 4 5 0.032999992370605
matrix 10 3 4 5 0.003999948501587
matrix 10 3 4 5 0.019999980926514
matrix 10 3 4 5 0.026000022888184
matrix 10 3 4 5 0.010999917984009
matrix 10 3 4 5 0.002000093460083
matrix 10 3 4 5 0.009000062942505
matrix 10 3 4 5 0.003000020980835
matrix 10 3 4 5 0.016000032424927
matrix 10 3 4 5 0.006000041961670
matrix 10 3 4 5 0.010999917984009
matrix 10 3 4 5 0.009999990463257
matrix 10 3 4 5 0.014000177383423
matrix 10 3 4 5 0.003000020980835
matrix 10 3 4 5 0.013000011444092
matrix 10 3 4 5 0.025000095367432
matrix 10 3 4 5 0.029000043869019
matrix 11 3 4 5 0.023999929428101
matrix 11 3 4 5 0.015000104904175
matrix 11 3 4 5 0.006000041961670
matrix 11 3 4 5 0.007999897003174
matrix 11 3 4 5 0.004000186920166
matrix 11 3 4 5 0.004000186920166
matrix 11 3 4 5 0.010999917984009
matrix 11 3 4 5 0.005000114440918
matrix 11 3 4 5 0.006999969482422
matrix 11 3 4 5 0.032000064849854
matrix 11 3 4 5 0.008000135421753
matrix 11 3 4 5 0.001000165939331
matrix 11 3 4 5 0.003000020980835
matrix 11 3 4 5 0.016000032424927
matrix 11 3 4 5 0.009000062942505
matrix 11 3 4 5 0.011999845504761
matrix 11 3 4 5 0.006999969482422
matrix 11 3 4 5 0.006999969482422
matrix 11 3 4 5 0.003999948501587
matrix 11 3 4 5 0.005000114440918
matrix 11 3 4 5 0.013000011444092
matrix 11 3 4 5 0.006000041961670
matrix 11 3 4 5 0.000999927520752
matrix 11 3 4 5 0.006999969482422
matrix 11 3 4 5 0.011999845504761
matrix 11 3 4 5 0.003000020980835
matrix 11 3 4 5 0.019999980926514
matrix 11 3 4 5 0.006999969482422
matrix 11 3 4 5 0.013999938964844
matrix 11 3 4 5 0.009999990463257
matrix 11 3 4 5 0.009999990463257
matrix 11 3 4 5 0.007999897003174
matrix 11 3 4 5 0.012000083923340
matrix 11 3 4 5 0.009000062942505
matrix 11 3 4 5 0.020999908447266
matrix 11 3 4 5 0.007000207901001
matrix 11 3 4 5 0.008999824523926
matrix 11 3 4 5 0.009000062942505
matrix 11 3 4 5 0.009999990463257
matrix 11 3 4 5 0.009000062942505
matrix 11 3 4 5 0.013999938964844
matrix 11 3 4 5 0.015000104904175
matrix 11 3 4 5 0.005000114440918
matrix 11 3 4 5 0.013999938964844
matrix 11 3 4 5 0.005999803543091
matrix 11 3 4 5 0.010999917984009
matrix 11 3 4 5 0.009000062942505
matrix 11 3 4 5 0.009999990463257
matrix 11 3 4 5 0.000000000000000
matrix 11 3 4 5 0.016999959945679
matrix 12 3 4 5 0.019999980926514
matrix 12 3 4 5 0.013000011444092
matrix 12 3 4 5 0.013999938964844
matrix 12 3 4 5 0.013999938964844
matrix 12 3 4 5 0.013000011444092
matrix 12 3 4 5 0.010999917984009
matrix 12 3 4 5 0.016000032424927
matrix 12 3 4 5 0.008999824523926
matrix 12 3 4 5 0.014999866485596
matrix 12 3 4 5 0.015999794006348
matrix 12 3 4 5 0.012000083923340
matrix 12 3 4 5 0.009000062942505
matrix 12 3 4 5 0.009000062942505
matrix 12 3 4 5 0.007000207901001
matrix 12 3 4 5 0.005000114440918
matrix 12 3 4 5 0.009000062942505
matrix 12 3 4 5 0.006999969482422
matrix 12 3 4 5 0.011000156402588
matrix 12 3 4 5 0.005000114440918
matrix 12 3 4 5 0.013000011444092
matrix 12 3 4 5 0.008000135421753
matrix 12 3 4 5 0.006999969482422
matrix 12 3 4 5 0.016000032424927
matrix 12 3 4 5 0.013000011444092
matrix 12 3 4 5 0.009000062942505
matrix 12 3 4 5 0.010999917984009
matrix 12 3 4 5 0.023999929428101
matrix 12 3 4 5 0.013000011444092
matrix 12 3 4 5 0.014999866485596
matrix 12 3 4 5 0.005999803543091
matrix 12 3 4 5 0.009999990463257
matrix 12 3 4 5 0.005000114440918
matrix 12 3 4 5 0.008999824523926
matrix 12 3 4 5 0.003999948501587
matrix 12 3 4 5 0.015000104904175
matrix 12 3 4 5 0.009999990463257
matrix 12 3 4 5 0.008000135421753
matrix 12 3 4 5 0.000000000000000
matrix 12 3 4 5 0.021000146865845
matrix 12 3 4 5 0.004999876022339
matrix 12 3 4 5 0.001999855041504
matrix 12 3 4 5 0.010999917984009
matrix 12 3 4 5 0.009999990463257
matrix 12 3 4 5 0.020999908447266
matrix 12 3 4 5 0.006999969482422
matrix 12 3 4 5 0.003999948501587
matrix 12 3 4 5 0.011000156402588
matrix 12 3 4 5 0.006999969482422
matrix 12 3 4 5 0.013000011444092
matrix 12 3 4 5 0.011000156402588
matrix 13 3 4 5 0.007999897003174
matrix 13 3 4 5 0.013000011444092
matrix 13 3 4 5 0.030999898910522
matrix 13 3 4 5 0.005000114440918
matrix 13 3 4 5 0.009999990463257
matrix 13 3 4 5 0.006000041961670
matrix 13 3 4 5 0.008000135421753
matrix 13 3 4 5 0.007999897003174
matrix 13 3 4 5 0.000000000000000
matrix 13 3 4 5 0.004999876022339
matrix 13 3 4 5 0.016000032424927
matrix 13 3 4 5 0.005000114440918
matrix 13 3 4 5 0.016000032424927
matrix 13 3 4 5 0.016000032424927
matrix 13 3 4 5 0.008000135421753
matrix 13 3 4 5 0.010999917984009
matrix 13 3 4 5 0.029999971389771
matrix 13 3 4 5 0.015999794006348
matrix 13 3 4 5 0.009000062942505
matrix 13 3 4 5 0.006999969482422
matrix 13 3 4 5 0.009999990463257
matrix 13 3 4 5 0.013999938964844
matrix 13 3 4 5 0.015999794006348
matrix 13 3 4 5 0.006000041961670
matrix 13 3 4 5 0.016000032424927
matrix 13 3 4 5 0.005000114440918
matrix 13 3 4 5 0.018999814987183
matrix 13 3 4 5 0.019999980926514
matrix 13 3 4 5 0.008000135421753
matrix 13 3 4 5 0.009999990463257
matrix 13 3 4 5 0.009999990463257
matrix 13 3 4 5 0.006999969482422
matrix 13 3 4 5 0.001999855041504
matrix 13 3 4 5 0.011999845504761
matrix 13 3 4 5 0.015000104904175
matrix 13 3 4 5 0.004000186920166
matrix 13 3 4 5 0.011000156402588
matrix 13 3 4 5 0.015000104904175
matrix 13 3 4 5 0.003000020980835
matrix 13 3 4 5 0.004999876022339
matrix 13 3 4 5 0.000000000000000
matrix 13 3 4 5 0.006000041961670
matrix 13 3 4 5 0.018000125885010
matrix 13 3 4 5 0.028999805450439
matrix 13 3 4 5 0.012000083923340
matrix 13 3 4 5 0.013000011444092
matrix 13 3 4 5 0.009000062942505
matrix 13 3 4 5 0.014999866485596
matrix 13 3 4 5 0.008999824523926
matrix 13 3 4 5 0.013000011444092
matrix 14 3 4 5 0.013000011444092
matrix 14 3 4 5 0.004000186920166
matrix 14 3 4 5 0.023000001907349
matrix 14 3 4 5 0.016999959945679
matrix 14 3 4 5 0.009000062942505
matrix 14 3 4 5 0.004999876022339
matrix 14 3 4 5 0.012000083923340
matrix 14 3 4 5 0.008000135421753
matrix 14 3 4 5 0.002000093460083
matrix 14 3 4 5 0.009000062942505
matrix 14 3 4 5 0.003999948501587
matrix 14 3 4 5 0.013999938964844
matrix 14 3 4 5 0.010000228881836
matrix 14 3 4 5 0.000000000000000
matrix 14 3 4 5 0.007999897003174
matrix 14 3 4 5 0.018000125885010
matrix 14 3 4 5 0.006999969482422
matrix 14 3 4 5 0.023999929428101
matrix 14 3 4 5 0.006000041961670
matrix 14 3 4 5 0.010999917984009
matrix 14 3 4 5 0.005000114440918
matrix 14 3 4 5 0.009999990463257
matrix 14 3 4 5 0.011999845504761
matrix 14 3 4 5 0.009999990463257
matrix 14 3 4 5 0.021000146865845
matrix 14 3 4 5 0.009999990463257
matrix 14 3 4 5 0.008000135421753
matrix 14 3 4 5 0.053999900817871
matrix 14 3 4 5 0.011000156402588
matrix 14 3 4 5 0.007000207901001
matrix 14 3 4 5 0.033999919891357
matrix 14 3 4 5 0.007999897003174
matrix 14 3 4 5 0.001999855041504
matrix 14 3 4 5 0.013999938964844
matrix 14 3 4 5 0.004000186920166
matrix 14 3 4 5 0.013000011444092
matrix 14 3 4 5 0.001999855041504
matrix 14 3 4 5 0.005000114440918
matrix 14 3 4 5 0.019000053405762
matrix 14 3 4 5 0.009999990463257
matrix 14 3 4 5 0.006000041961670
matrix 14 3 4 5 0.006000041961670
matrix 14 3 4 5 0.005000114440918
matrix 14 3 4 5 0.008000135421753
matrix 14 3 4 5 0.025000095367432
matrix 14 3 4 5 0.006000041961670
matrix 14 3 4 5 0.020999908447266
matrix 14 3 4 5 0.007999897003174
matrix 14 3 4 5 0.013999938964844
matrix 14 3 4 5 0.010000228881836
matrix 15 3 4 5 0.010999917984009
matrix 15 3 4 5 0.010999917984009
matrix 15 3 4 5 0.017999887466431
matrix 15 3 4 5 0.006999969482422
matrix 15 3 4 5 0.002000093460083
matrix 15 3 4 5 0.016000032424927
matrix 15 3 4 5 0.016999959945679
matrix 15 3 4 5 0.022000074386597
matrix 15 3 4 5 0.001000165939331
matrix 15 3 4 5 0.017999887466431
matrix 15 3 4 5 0.013999938964844
matrix 15 3 4 5 0.006999969482422
matrix 15 3 4 5 0.019000053405762
matrix 15 3 4 5 0.021999835968018
matrix 15 3 4 5 0.010999917984009
matrix 15 3 4 5 0.013000011444092
matrix 15 3 4 5 0.019000053405762
matrix 15 3 4 5 0.008000135421753
matrix 15 3 4 5 0.013000011444092
matrix 15 3 4 5 0.012000083923340
matrix 15 3 4 5 0.011000156402588
matrix 15 3 4 5 0.020999908447266
matrix 15 3 4 5 0.013000011444092
matrix 15 3 4 5 0.009999990463257
matrix 15 3 4 5 0.014999866485596
matrix 15 3 4 5 0.006000041961670
matrix 15 3 4 5 0.039999961853027
matrix 15 3 4 5 0.020000219345093
matrix 15 3 4 5 0.006999969482422
matrix 15 3 4 5 0.028999805450439
matrix 15 3 4 5 0.010999917984009
matrix 15 3 4 5 0.017999887466431
matrix 15 3 4 5 0.019000053405762
matrix 15 3 4 5 0.014000177383423
matrix 15 3 4 5 0.004999876022339
matrix 15 3 4 5 0.016000032424927
matrix 15 3 4 5 0.010999917984009
matrix 15 3 4 5 0.000999927520752
matrix 15 3 4 5 0.013000011444092
matrix 15 3 4 5 0.014000177383423
matrix 15 3 4 5 0.022000074386597
matrix 15 3 4 5 0.000000000000000
matrix 15 3 4 5 0.008000135421753
matrix 15 3 4 5 0.030000209808350
matrix 15 3 4 5 0.007999897003174
matrix 15 3 4 5 0.013999938964844
matrix 15 3 4 5 0.008000135421753
matrix 15 3 4 5 0.023000001907349
matrix 15 3 4 5 0.008000135421753
matrix 15 3 4 5 0.003999948501587
matrix 16 3 4 5 0.006999969482422
matrix 16 3 4 5 0.008999824523926
matrix 16 3 4 5 0.023000001907349
matrix 16 3 4 5 0.013000011444092
matrix 16 3 4 5 0.015000104904175
matrix 16 3 4 5 0.004000186920166
matrix 16 3 4 5 0.008000135421753
matrix 16 3 4 5 0.013000011444092
matrix 16 3 4 5 0.006000041961670
matrix 16 3 4 5 0.016000032424927
matrix 16 3 4 5 0.013000011444092
matrix 16 3 4 5 0.019000053405762
matrix 16 3 4 5 0.029999971389771
matrix 16 3 4 5 0.015000104904175
matrix 16 3 4 5 0.009000062942505
matrix 16 3 4 5 0.009000062942505
matrix 16 3 4 5 0.032000064849854
matrix 16 3 4 5 0.026999950408936
matrix 16 3 4 5 0.013000011444092
matrix 16 3 4 5 0.011000156402588
matrix 16 3 4 5 0.006999969482422
matrix 16 3 4 5 0.013000011444092
matrix 16 3 4 5 0.010999917984009
matrix 16 3 4 5 0.011000156402588
matrix 16 3 4 5 0.005999803543091
matrix 16 3 4 5 0.015000104904175
matrix 16 3 4 5 0.009999990463257
matrix 16 3 4 5 0.007999897003174
matrix 16 3 4 5 0.006999969482422
matrix 16 3 4 5 0.020999908447266
matrix 16 3 4 5 0.012000083923340
matrix 16 3 4 5 0.013000011444092
matrix 16 3 4 5 0.026999950408936
matrix 16 3 4 5 0.018000125885010
matrix 16 3 4 5 0.009000062942505
matrix 16 3 4 5 0.009999990463257
matrix 16 3 4 5 0.006000041961670
matrix 16 3 4 5 0.010999917984009
matrix 16 3 4 5 0.016999959945679
matrix 16 3 4 5 0.014999866485596
matrix 16 3 4 5 0.009000062942505
matrix 16 3 4 5 0.007999897003174
matrix 16 3 4 5 0.009999990463257
matrix 16 3 4 5 0.023000001907349
matrix 16 3 4 5 0.010999917984009
matrix 16 3 4 5 0.005000114440918
matrix 16 3 4 5 0.016000032424927
matrix 16 3 4 5 0.019999980926514
matrix 16 3 4 5 0.013000011444092
matrix 16 3 4 5 0.011000156402588
matrix 17 3 4 5 0.018999814987183
matrix 17 3 4 5 0.006000041961670
matrix 17 3 4 5 0.015000104904175
matrix 17 3 4 5 0.016999959945679
matrix 17 3 4 5 0.016999959945679
matrix 17 3 4 5 0.014999866485596
matrix 17 3 4 5 0.008999824523926
matrix 17 3 4 5 0.015999794006348
matrix 17 3 4 5 0.019999980926514
matrix 17 3 4 5 0.015000104904175
matrix 17 3 4 5 0.015000104904175
matrix 17 3 4 5 0.009999990463257
matrix 17 3 4 5 0.020999908447266
matrix 17 3 4 5 0.004000186920166
matrix 17 3 4 5 0.006999969482422
matrix 17 3 4 5 0.026000022888184
matrix 17 3 4 5 0.018999814987183
matrix 17 3 4 5 0.011999845504761
matrix 17 3 4 5 0.012000083923340
matrix 17 3 4 5 0.013999938964844
matrix 17 3 4 5 0.010999917984009
matrix 17 3 4 5 0.020999908447266
matrix 17 3 4 5 0.019000053405762
matrix 17 3 4 5 0.006999969482422
matrix 17 3 4 5 0.022000074386597
matrix 17 3 4 5 0.008000135421753
matrix 17 3 4 5 0.024000167846680
matrix 17 3 4 5 0.008000135421753
matrix 17 3 4 5 0.006000041961670
matrix 17 3 4 5 0.007999897003174
matrix 17 3 4 5 0.013000011444092
matrix 17 3 4 5 0.001999855041504
matrix 17 3 4 5 0.013000011444092
matrix 17 3 4 5 0.018999814987183
matrix 17 3 4 5 0.016999959945679
matrix 17 3 4 5 0.009000062942505
matrix 17 3 4 5 0.016999959945679
matrix 17 3 4 5 0.011999845504761
matrix 17 3 4 5 0.016999959945679
matrix 17 3 4 5 0.010999917984009
matrix 17 3 4 5 0.035000085830688
matrix 17 3 4 5 0.011000156402588
matrix 17 3 4 5 0.016000032424927
matrix 17 3 4 5 0.013999938964844
matrix 17 3 4 5 0.019999980926514
matrix 17 3 4 5 0.034999847412109
matrix 17 3 4 5 0.008000135421753
matrix 17 3 4 5 0.009000062942505
matrix 17 3 4 5 0.009000062942505
matrix 17 3 4 5 0.013000011444092
matrix 18 3 4 5 0.022000074386597
matrix 18 3 4 5 0.009999990463257
matrix 18 3 4 5 0.009999990463257
matrix 18 3 4 5 0.019999980926514
matrix 18 3 4 5 0.015000104904175
matrix 18 3 4 5 0.015000104904175
matrix 18 3 4 5 0.014000177383423
matrix 18 3 4 5 0.023000001907349
matrix 18 3 4 5 0.004000186920166
matrix 18 3 4 5 0.016000032424927
matrix 18 3 4 5 0.013000011444092
matrix 18 3 4 5 0.016000032424927
matrix 18 3 4 5 0.009999990463257
matrix 18 3 4 5 0.012000083923340
matrix 18 3 4 5 0.018000125885010
matrix 18 3 4 5 0.016999959945679
matrix 18 3 4 5 0.016000032424927
matrix 18 3 4 5 0.016999959945679
matrix 18 3 4 5 0.011000156402588
matrix 18 3 4 5 0.006000041961670
matrix 18 3 4 5 0.007999897003174
matrix 18 3 4 5 0.009999990463257
matrix 18 3 4 5 0.019000053405762
matrix 18 3 4 5 0.013999938964844
matrix 18 3 4 5 0.006999969482422
matrix 18 3 4 5 0.011000156402588
matrix 18 3 4 5 0.016999959945679
matrix 18 3 4 5 0.013999938964844
matrix 18 3 4 5 0.006999969482422
matrix 18 3 4 5 0.005000114440918
matrix 18 3 4 5 0.013000011444092
matrix 18 3 4 5 0.008000135421753
matrix 18 3 4 5 0.016000032424927
matrix 18 3 4 5 0.011999845504761
matrix 18 3 4 5 0.003999948501587
matrix 18 3 4 5 0.013000011444092
matrix 18 3 4 5 0.006999969482422
matrix 18 3 4 5 0.013999938964844
matrix 18 3 4 5 0.013000011444092
matrix 18 3 4 5 0.007000207901001
matrix 18 3 4 5 0.016999959945679
matrix 18 3 4 5 0.006000041961670
matrix 18 3 4 5 0.006999969482422
matrix 18 3 4 5 0.006000041961670
matrix 18 3 4 5 0.013000011444092
matrix 18 3 4 5 0.010999917984009
matrix 18 3 4 5 0.020999908447266
matrix 18 3 4 5 0.006999969482422
matrix 18 3 4 5 0.005000114440918
matrix 18 3 4 5 0.002000093460083
matrix 19 3 4 5 0.013999938964844
matrix 19 3 4 5 0.011999845504761
matrix 19 3 4 5 0.016000032424927
matrix 19 3 4 5 0.012000083923340
matrix 19 3 4 5 0.014000177383423
matrix 19 3 4 5 0.023000001907349
matrix 19 3 4 5 0.010999917984009
matrix 19 3 4 5 0.016999959945679
matrix 19 3 4 5 0.015000104904175
matrix 19 3 4 5 0.020999908447266
matrix 19 3 4 5 0.005000114440918
matrix 19 3 4 5 0.011999845504761
matrix 19 3 4 5 0.013999938964844
matrix 19 3 4 5 0.014999866485596
matrix 19 3 4 5 0.005000114440918
matrix 19 3 4 5 0.003000020980835
matrix 19 3 4 5 0.003999948501587
matrix 19 3 4 5 0.006999969482422
matrix 19 3 4 5 0.032000064849854
matrix 19 3 4 5 0.017000198364258
matrix 19 3 4 5 0.016000032424927
matrix 19 3 4 5 0.016000032424927
matrix 19 3 4 5 0.006999969482422
matrix 19 3 4 5 0.012000083923340
matrix 19 3 4 5 0.013999938964844
matrix 19 3 4 5 0.006999969482422
matrix 19 3 4 5 0.009999990463257
matrix 19 3 4 5 0.009000062942505
matrix 19 3 4 5 0.016000032424927
matrix 19 3 4 5 0.000999927520752
matrix 19 3 4 5 0.015999794006348
matrix 19 3 4 5 0.013000011444092
matrix 19 3 4 5 0.013000011444092
matrix 19 3 4 5 0.025000095367432
matrix 19 3 4 5 0.009999990463257
matrix 19 3 4 5 0.017999887466431
matrix 19 3 4 5 0.016999959945679
matrix 19 3 4 5 0.009000062942505
matrix 19 3 4 5 0.023000001907349
matrix 19 3 4 5 0.035000085830688
matrix 19 3 4 5 0.016000032424927
matrix 19 3 4 5 0.018000125885010
matrix 19 3 4 5 0.020000219345093
matrix 19 3 4 5 0.007999897003174
matrix 19 3 4 5 0.009000062942505
matrix 19 3 4 5 0.016000032424927
matrix 19 3 4 5 0.004000186920166
matrix 19 3 4 5 0.036000013351440
matrix 19 3 4 5 0.007999897003174
matrix 19 3 4 5 0.006999969482422
matrix 20 3 4 5 0.015000104904175
matrix 20 3 4 5 0.019000053405762
matrix 20 3 4 5 0.006000041961670
matrix 20 3 4 5 0.016000032424927
matrix 20 3 4 5 0.013999938964844
matrix 20 3 4 5 0.037999868392944
matrix 20 3 4 5 0.014999866485596
matrix 20 3 4 5 0.017999887466431
matrix 20 3 4 5 0.009999990463257
matrix 20 3 4 5 0.024000167846680
matrix 20 3 4 5 0.003999948501587
matrix 20 3 4 5 0.019000053405762
matrix 20 3 4 5 0.016000032424927
matrix 20 3 4 5 0.004999876022339
matrix 20 3 4 5 0.003000020980835
matrix 20 3 4 5 0.017999887466431
matrix 20 3 4 5 0.015000104904175
matrix 20 3 4 5 0.020999908447266
matrix 20 3 4 5 0.016999959945679
matrix 20 3 4 5 0.014999866485596
matrix 20 3 4 5 0.012000083923340
matrix 20 3 4 5 0.006999969482422
matrix 20 3 4 5 0.021000146865845
matrix 20 3 4 5 0.019999980926514
matrix 20 3 4 5 0.010999917984009
matrix 20 3 4 5 0.014999866485596
matrix 20 3 4 5 0.005999803543091
matrix 20 3 4 5 0.015999794006348
matrix 20 3 4 5 0.034999847412109
matrix 20 3 4 5 0.027000188827515
matrix 20 3 4 5 0.013999938964844
matrix 20 3 4 5 0.018000125885010
matrix 20 3 4 5 0.016999959945679
matrix 20 3 4 5 0.019999980926514
matrix 20 3 4 5 0.013999938964844
matrix 20 3 4 5 0.016000032424927
matrix 20 3 4 5 0.019999980926514
matrix 20 3 4 5 0.016000032424927
matrix 20 3 4 5 0.017999887466431
matrix 20 3 4 5 0.023999929428101
matrix 20 3 4 5 0.025999784469604
matrix 20 3 4 5 0.010999917984009
matrix 20 3 4 5 0.033999919891357
matrix 20 3 4 5 0.016000032424927
matrix 20 3 4 5 0.013999938964844
matrix 20 3 4 5 0.018000125885010
matrix 20 3 4 5 0.016999959945679
matrix 20 3 4 5 0.012000083923340
matrix 20 3 4 5 0.009000062942505
matrix 20 3 4 5 0.014000177383423
matrix 21 3 4 5 0.046999931335449
matrix 21 3 4 5 0.015000104904175
matrix 21 3 4 5 0.013999938964844
matrix 21 3 4 5 0.011000156402588
matrix 21 3 4 5 0.013000011444092
matrix 21 3 4 5 0.006000041961670
matrix 21 3 4 5 0.004999876022339
matrix 21 3 4 5 0.006000041961670
matrix 21 3 4 5 0.016999959945679
matrix 21 3 4 5 0.015999794006348
matrix 21 3 4 5 0.015999794006348
matrix 21 3 4 5 0.007999897003174
matrix 21 3 4 5 0.010999917984009
matrix 21 3 4 5 0.009999990463257
matrix 21 3 4 5 0.013999938964844
matrix 21 3 4 5 0.013000011444092
matrix 21 3 4 5 0.006999969482422
matrix 21 3 4 5 0.012000083923340
matrix 21 3 4 5 0.014000177383423
matrix 21 3 4 5 0.017999887466431
matrix 21 3 4 5 0.016999959945679
matrix 21 3 4 5 0.013000011444092
matrix 21 3 4 5 0.003000020980835
matrix 21 3 4 5 0.006999969482422
matrix 21 3 4 5 0.029000043869019
matrix 21 3 4 5 0.016999959945679
matrix 21 3 4 5 0.019999980926514
matrix 21 3 4 5 0.014999866485596
matrix 21 3 4 5 0.013000011444092
matrix 21 3 4 5 0.016000032424927
matrix 21 3 4 5 0.015999794006348
matrix 21 3 4 5 0.016000032424927
matrix 21 3 4 5 0.016999959945679
matrix 21 3 4 5 0.016999959945679
matrix 21 3 4 5 0.006999969482422
matrix 21 3 4 5 0.013999938964844
matrix 21 3 4 5 0.019000053405762
matrix 21 3 4 5 0.015999794006348
matrix 21 3 4 5 0.016000032424927
matrix 21 3 4 5 0.007999897003174
matrix 21 3 4 5 0.013000011444092
matrix 21 3 4 5 0.016999959945679
matrix 21 3 4 5 0.021999835968018
matrix 21 3 4 5 0.009000062942505
matrix 21 3 4 5 0.011000156402588
matrix 21 3 4 5 0.005999803543091
matrix 21 3 4 5 0.006000041961670
matrix 21 3 4 5 0.010999917984009
matrix 21 3 4 5 0.018000125885010
matrix 21 3 4 5 0.019000053405762
matrix 22 3 4 5 0.016000032424927
matrix 22 3 4 5 0.016000032424927
matrix 22 3 4 5 0.009000062942505
matrix 22 3 4 5 0.015999794006348
matrix 22 3 4 5 0.008999824523926
matrix 22 3 4 5 0.006999969482422
matrix 22 3 4 5 0.007999897003174
matrix 22 3 4 5 0.012000083923340
matrix 22 3 4 5 0.015000104904175
matrix 22 3 4 5 0.005000114440918
matrix 22 3 4 5 0.027000188827515
matrix 22 3 4 5 0.015000104904175
matrix 22 3 4 5 0.004999876022339
matrix 22 3 4 5 0.013000011444092
matrix 22 3 4 5 0.023999929428101
matrix 22 3 4 5 0.014999866485596
matrix 22 3 4 5 0.045000076293945
matrix 22 3 4 5 0.022000074386597
matrix 22 3 4 5 0.029999971389771
matrix 22 3 4 5 0.018000125885010
matrix 22 3 4 5 0.011999845504761
matrix 22 3 4 5 0.017000198364258
matrix 22 3 4 5 0.006999969482422
matrix 22 3 4 5 0.020999908447266
matrix 22 3 4 5 0.012000083923340
matrix 22 3 4 5 0.025000095367432
matrix 22 3 4 5 0.011000156402588
matrix 22 3 4 5 0.018000125885010
matrix 22 3 4 5 0.014000177383423
matrix 22 3 4 5 0.018999814987183
matrix 22 3 4 5 0.003999948501587
matrix 22 3 4 5 0.036999940872192
matrix 22 3 4 5 0.010999917984009
matrix 22 3 4 5 0.012000083923340
matrix 22 3 4 5 0.019000053405762
matrix 22 3 4 5 0.018000125885010
matrix 22 3 4 5 0.005000114440918
matrix 22 3 4 5 0.006999969482422
matrix 22 3 4 5 0.011000156402588
matrix 22 3 4 5 0.019000053405762
matrix 22 3 4 5 0.019999980926514
matrix 22 3 4 5 0.016999959945679
matrix 22 3 4 5 0.019999980926514
matrix 22 3 4 5 0.016999959945679
matrix 22 3 4 5 0.023000001907349
matrix 22 3 4 5 0.013000011444092
matrix 22 3 4 5 0.010999917984009
matrix 22 3 4 5 0.017999887466431
matrix 22 3 4 5 0.006999969482422
matrix 22 3 4 5 0.006999969482422
matrix 23 3 4 5 0.015000104904175
matrix 23 3 4 5 0.017999887466431
matrix 23 3 4 5 0.010999917984009
matrix 23 3 4 5 0.032000064849854
matrix 23 3 4 5 0.010999917984009
matrix 23 3 4 5 0.004999876022339
matrix 23 3 4 5 0.013999938964844
matrix 23 3 4 5 0.009000062942505
matrix 23 3 4 5 0.013000011444092
matrix 23 3 4 5 0.018000125885010
matrix 23 3 4 5 0.015999794006348
matrix 23 3 4 5 0.015999794006348
matrix 23 3 4 5 0.028999805450439
matrix 23 3 4 5 0.005999803543091
matrix 23 3 4 5 0.003999948501587
matrix 23 3 4 5 0.005000114440918
matrix 23 3 4 5 0.013000011444092
matrix 23 3 4 5 0.016000032424927
matrix 23 3 4 5 0.012000083923340
matrix 23 3 4 5 0.013000011444092
matrix 23 3 4 5 0.016000032424927
matrix 23 3 4 5 0.012999773025513
matrix 23 3 4 5 0.026000022888184
matrix 23 3 4 5 0.023000001907349
matrix 23 3 4 5 0.017999887466431
matrix 23 3 4 5 0.016000032424927
matrix 23 3 4 5 0.016000032424927
matrix 23 3 4 5 0.020000219345093
matrix 23 3 4 5 0.039999961853027
matrix 23 3 4 5 0.017999887466431
matrix 23 3 4 5 0.018000125885010
matrix 23 3 4 5 0.021999835968018
matrix 23 3 4 5 0.019999980926514
matrix 23 3 4 5 0.026000022888184
matrix 23 3 4 5 0.016000032424927
matrix 23 3 4 5 0.023000001907349
matrix 23 3 4 5 0.009999990463257
matrix 23 3 4 5 0.013999938964844
matrix 23 3 4 5 0.016000032424927
matrix 23 3 4 5 0.011000156402588
matrix 23 3 4 5 0.009999990463257
matrix 23 3 4 5 0.011000156402588
matrix 23 3 4 5 0.008999824523926
matrix 23 3 4 5 0.020999908447266
matrix 23 3 4 5 0.008000135421753
matrix 23 3 4 5 0.019999980926514
matrix 23 3 4 5 0.046999931335449
matrix 23 3 4 5 0.009999990463257
matrix 23 3 4 5 0.016000032424927
matrix 23 3 4 5 0.000999927520752
matrix 24 3 4 5 0.024000167846680
matrix 24 3 4 5 0.016999959945679
matrix 24 3 4 5 0.009000062942505
matrix 24 3 4 5 0.009999990463257
matrix 24 3 4 5 0.009999990463257
matrix 24 3 4 5 0.016999959945679
matrix 24 3 4 5 0.019000053405762
matrix 24 3 4 5 0.014999866485596
matrix 24 3 4 5 0.019000053405762
matrix 24 3 4 5 0.011000156402588
matrix 24 3 4 5 0.016999959945679
matrix 24 3 4 5 0.019000053405762
matrix 24 3 4 5 0.010999917984009
matrix 24 3 4 5 0.017999887466431
matrix 24 3 4 5 0.034999847412109
matrix 24 3 4 5 0.021999835968018
matrix 24 3 4 5 0.015000104904175
matrix 24 3 4 5 0.012000083923340
matrix 24 3 4 5 0.006000041961670
matrix 24 3 4 5 0.023000001907349
matrix 24 3 4 5 0.024999856948853
matrix 24 3 4 5 0.026999950408936
matrix 24 3 4 5 0.028000116348267
matrix 24 3 4 5 0.013000011444092
matrix 24 3 4 5 0.016000032424927
matrix 24 3 4 5 0.004000186920166
matrix 24 3 4 5 0.017999887466431
matrix 24 3 4 5 0.019000053405762
matrix 24 3 4 5 0.018000125885010
matrix 24 3 4 5 0.019000053405762
matrix 24 3 4 5 0.003999948501587
matrix 24 3 4 5 0.006000041961670
matrix 24 3 4 5 0.016999959945679
matrix 24 3 4 5 0.019999980926514
matrix 24 3 4 5 0.006999969482422
matrix 24 3 4 5 0.013999938964844
matrix 24 3 4 5 0.016999959945679
matrix 24 3 4 5 0.023000001907349
matrix 24 3 4 5 0.013999938964844
matrix 24 3 4 5 0.029000043869019
matrix 24 3 4 5 0.032000064849854
matrix 24 3 4 5 0.029999971389771
matrix 24 3 4 5 0.023999929428101
matrix 24 3 4 5 0.045000076293945
matrix 24 3 4 5 0.020999908447266
matrix 24 3 4 5 0.049000024795532
matrix 24 3 4 5 0.075999975204468
matrix 24 3 4 5 0.067999839782715
matrix 24 3 4 5 0.054000139236450
matrix 24 3 4 5 0.076999902725220
matrix 25 3 4 5 0.069000005722046
matrix 25 3 4 5 0.060000181198120
matrix 25 3 4 5 0.013000011444092
matrix 25 3 4 5 0.048000097274780
matrix 25 3 4 5 0.075999975204468
matrix 25 3 4 5 0.066999912261963
matrix 25 3 4 5 0.034000158309937
matrix 25 3 4 5 0.068000078201294
matrix 25 3 4 5 0.047999858856201
matrix 25 3 4 5 0.055000066757202
matrix 25 3 4 5 0.039000034332275
matrix 25 3 4 5 0.071000099182129
matrix 25 3 4 5 0.049999952316284
matrix 25 3 4 5 0.063999891281128
matrix 25 3 4 5 0.058000087738037
matrix 25 3 4 5 0.055999994277954
matrix 25 3 4 5 0.032999992370605
matrix 25 3 4 5 0.022000074386597
matrix 25 3 4 5 0.021000146865845
matrix 25 3 4 5 0.009999990463257
matrix 25 3 4 5 0.026000022888184
matrix 25 3 4 5 0.024000167846680
matrix 25 3 4 5 0.003000020980835
matrix 25 3 4 5 0.011999845504761
matrix 25 3 4 5 0.036999940872192
matrix 25 3 4 5 0.023000001907349
matrix 25 3 4 5 0.029000043869019
matrix 25 3 4 5 0.021999835968018
matrix 25 3 4 5 0.014000177383423
matrix 25 3 4 5 0.018000125885010
matrix 25 3 4 5 0.012000083923340
matrix 25 3 4 5 0.017000198364258
matrix 25 3 4 5 0.016000032424927
matrix 25 3 4 5 0.013999938964844
matrix 25 3 4 5 0.012000083923340
matrix 25 3 4 5 0.029000043869019
matrix 25 3 4 5 0.122999906539917
matrix 25 3 4 5 0.035000085830688
matrix 25 3 4 5 0.027000188827515
matrix 25 3 4 5 0.012000083923340
matrix 25 3 4 5 0.009999990463257
matrix 25 3 4 5 0.025000095367432
matrix 25 3 4 5 0.016999959945679
matrix 25 3 4 5 0.003000020980835
matrix 25 3 4 5 0.030999898910522
matrix 25 3 4 5 0.023999929428101
matrix 25 3 4 5 0.016999959945679
matrix 25 3 4 5 0.019000053405762
matrix 25 3 4 5 0.006999969482422
matrix 25 3 4 5 0.025000095367432
matrix 26 3 4 5 0.023000001907349
matrix 26 3 4 5 0.019999980926514
matrix 26 3 4 5 0.009000062942505
matrix 26 3 4 5 0.007999897003174
matrix 26 3 4 5 0.006999969482422
matrix 26 3 4 5 0.016000032424927
matrix 26 3 4 5 0.006999969482422
matrix 26 3 4 5 0.023000001907349
matrix 26 3 4 5 0.021000146865845
matrix 26 3 4 5 0.019000053405762
matrix 26 3 4 5 0.021999835968018
matrix 26 3 4 5 0.023999929428101
matrix 26 3 4 5 0.019000053405762
matrix 26 3 4 5 0.017999887466431
matrix 26 3 4 5 0.013000011444092
matrix 26 3 4 5 0.009000062942505
matrix 26 3 4 5 0.016999959945679
matrix 26 3 4 5 0.019999980926514
matrix 26 3 4 5 0.015999794006348
matrix 26 3 4 5 0.010999917984009
matrix 26 3 4 5 0.025000095367432
matrix 26 3 4 5 0.029999971389771
matrix 26 3 4 5 0.012000083923340
matrix 26 3 4 5 0.018000125885010
matrix 26 3 4 5 0.026999950408936
matrix 26 3 4 5 0.022000074386597
matrix 26 3 4 5 0.003999948501587
matrix 26 3 4 5 0.014999866485596
matrix 26 3 4 5 0.011000156402588
matrix 26 3 4 5 0.026000022888184
matrix 26 3 4 5 0.004000186920166
matrix 26 3 4 5 0.011000156402588
matrix 26 3 4 5 0.011999845504761
matrix 26 3 4 5 0.020999908447266
matrix 26 3 4 5 0.023999929428101
matrix 26 3 4 5 0.031000137329102
matrix 26 3 4 5 0.006000041961670
matrix 26 3 4 5 0.007999897003174
matrix 26 3 4 5 0.006999969482422
matrix 26 3 4 5 0.013000011444092
matrix 26 3 4 5 0.009999990463257
matrix 26 3 4 5 0.006000041961670
matrix 26 3 4 5 0.014000177383423
matrix 26 3 4 5 0.013999938964844
matrix 26 3 4 5 0.017999887466431
matrix 26 3 4 5 0.011999845504761
matrix 26 3 4 5 0.012000083923340
matrix 26 3 4 5 0.016000032424927
matrix 26 3 4 5 0.019000053405762
matrix 26 3 4 5 0.020999908447266
matrix 27 3 4 5 0.011999845504761
matrix 27 3 4 5 0.016000032424927
matrix 27 3 4 5 0.016999959945679
matrix 27 3 4 5 0.026999950408936
matrix 27 3 4 5 0.019000053405762
matrix 27 3 4 5 0.023999929428101
matrix 27 3 4 5 0.024999856948853
matrix 27 3 4 5 0.016000032424927
matrix 27 3 4 5 0.014999866485596
matrix 27 3 4 5 0.032000064849854
matrix 27 3 4 5 0.019000053405762
matrix 27 3 4 5 0.017999887466431
matrix 27 3 4 5 0.012000083923340
matrix 27 3 4 5 0.016000032424927
matrix 27 3 4 5 0.019000053405762
matrix 27 3 4 5 0.023999929428101
matrix 27 3 4 5 0.019000053405762
matrix 27 3 4 5 0.019999980926514
matrix 27 3 4 5 0.018000125885010
matrix 27 3 4 5 0.008999824523926
matrix 27 3 4 5 0.015000104904175
matrix 27 3 4 5 0.012000083923340
matrix 27 3 4 5 0.016999959945679
matrix 27 3 4 5 0.013999938964844
matrix 27 3 4 5 0.013999938964844
matrix 27 3 4 5 0.016000032424927
matrix 27 3 4 5 0.018999814987183
matrix 27 3 4 5 0.022000074386597
matrix 27 3 4 5 0.015000104904175
matrix 27 3 4 5 0.007999897003174
matrix 27 3 4 5 0.008000135421753
matrix 27 3 4 5 0.009999990463257
matrix 27 3 4 5 0.009000062942505
matrix 27 3 4 5 0.019999980926514
matrix 27 3 4 5 0.020999908447266
matrix 27 3 4 5 0.014999866485596
matrix 27 3 4 5 0.017999887466431
matrix 27 3 4 5 0.022999763488770
matrix 27 3 4 5 0.016000032424927
matrix 27 3 4 5 0.020999908447266
matrix 27 3 4 5 0.019000053405762
matrix 27 3 4 5 0.037999868392944
matrix 27 3 4 5 0.013000011444092
matrix 27 3 4 5 0.012000083923340
matrix 27 3 4 5 0.022000074386597
matrix 27 3 4 5 0.019000053405762
matrix 27 3 4 5 0.012000083923340
matrix 27 3 4 5 0.021999835968018
matrix 27 3 4 5 0.015000104904175
matrix 27 3 4 5 0.027999877929688
matrix 28 3 4 5 0.013000011444092
matrix 28 3 4 5 0.010999917984009
matrix 28 3 4 5 0.013999938964844
matrix 28 3 4 5 0.015000104904175
matrix 28 3 4 5 0.013999938964844
matrix 28 3 4 5 0.016999959945679
matrix 28 3 4 5 0.019000053405762
matrix 28 3 4 5 0.023000001907349
matrix 28 3 4 5 0.021000146865845
matrix 28 3 4 5 0.024000167846680
matrix 28 3 4 5 0.019999980926514
matrix 28 3 4 5 0.020000219345093
matrix 28 3 4 5 0.018999814987183
matrix 28 3 4 5 0.007999897003174
matrix 28 3 4 5 0.020999908447266
matrix 28 3 4 5 0.022000074386597
matrix 28 3 4 5 0.019999980926514
matrix 28 3 4 5 0.019000053405762
matrix 28 3 4 5 0.009000062942505
matrix 28 3 4 5 0.013000011444092
matrix 28 3 4 5 0.017999887466431
matrix 28 3 4 5 0.017999887466431
matrix 28 3 4 5 0.006000041961670
matrix 28 3 4 5 0.016000032424927
matrix 28 3 4 5 0.016000032424927
matrix 28 3 4 5 0.016999959945679
matrix 28 3 4 5 0.010999917984009
matrix 28 3 4 5 0.018000125885010
matrix 28 3 4 5 0.032999992370605
matrix 28 3 4 5 0.019999980926514
matrix 28 3 4 5 0.019000053405762
matrix 28 3 4 5 0.042000055313110
matrix 28 3 4 5 0.009999990463257
matrix 28 3 4 5 0.019999980926514
matrix 28 3 4 5 0.008000135421753
matrix 28 3 4 5 0.026000022888184
matrix 28 3 4 5 0.007999897003174
matrix 28 3 4 5 0.022000074386597
matrix 28 3 4 5 0.016999959945679
matrix 28 3 4 5 0.019000053405762
matrix 28 3 4 5 0.009000062942505
matrix 28 3 4 5 0.020999908447266
matrix 28 3 4 5 0.018000125885010
matrix 28 3 4 5 0.019999980926514
matrix 28 3 4 5 0.003000020980835
matrix 28 3 4 5 0.019999980926514
matrix 28 3 4 5 0.016000032424927
matrix 28 3 4 5 0.016000032424927
matrix 28 3 4 5 0.005000114440918
matrix 28 3 4 5 0.025000095367432
matrix 29 3 4 5 0.013000011444092
matrix 29 3 4 5 0.016000032424927
matrix 29 3 4 5 0.006000041961670
matrix 29 3 4 5 0.012000083923340
matrix 29 3 4 5 0.000000000000000
matrix 29 3 4 5 0.020000219345093
matrix 29 3 4 5 0.019000053405762
matrix 29 3 4 5 0.024000167846680
matrix 29 3 4 5 0.008000135421753
matrix 29 3 4 5 0.010999917984009
matrix 29 3 4 5 0.023999929428101
matrix 29 3 4 5 0.031000137329102
matrix 29 3 4 5 0.029999971389771
matrix 29 3 4 5 0.023000001907349
matrix 29 3 4 5 0.020999908447266
matrix 29 3 4 5 0.009999990463257
matrix 29 3 4 5 0.022000074386597
matrix 29 3 4 5 0.021999835968018
matrix 29 3 4 5 0.030999898910522
matrix 29 3 4 5 0.016000032424927
matrix 29 3 4 5 0.017000198364258
matrix 29 3 4 5 0.013999938964844
matrix 29 3 4 5 0.020999908447266
matrix 29 3 4 5 0.006999969482422
matrix 29 3 4 5 0.021999835968018
matrix 29 3 4 5 0.023000001907349
matrix 29 3 4 5 0.014999866485596
matrix 29 3 4 5 0.016999959945679
matrix 29 3 4 5 0.017000198364258
matrix 29 3 4 5 0.003999948501587
matrix 29 3 4 5 0.006999969482422
matrix 29 3 4 5 0.019000053405762
matrix 29 3 4 5 0.019999980926514
matrix 29 3 4 5 0.013000011444092
matrix 29 3 4 5 0.006999969482422
matrix 29 3 4 5 0.016000032424927
matrix 29 3 4 5 0.013999938964844
matrix 29 3 4 5 0.010999917984009
matrix 29 3 4 5 0.016999959945679
matrix 29 3 4 5 0.010999917984009
matrix 29 3 4 5 0.019000053405762
matrix 29 3 4 5 0.023000001907349
matrix 29 3 4 5 0.013000011444092
matrix 29 3 4 5 0.019999980926514
matrix 29 3 4 5 0.006999969482422
matrix 29 3 4 5 0.018999814987183
matrix 29 3 4 5 0.015000104904175
matrix 29 3 4 5 0.023000001907349
matrix 29 3 4 5 0.026000022888184
matrix 29 3 4 5 0.015000104904175
matrix 30 3 4 5 0.000999927520752
matrix 30 3 4 5 0.006000041961670
matrix 30 3 4 5 0.023000001907349
matrix 30 3 4 5 0.016000032424927
matrix 30 3 4 5 0.025000095367432
matrix 30 3 4 5 0.019999980926514
matrix 30 3 4 5 0.004000186920166
matrix 30 3 4 5 0.008999824523926
matrix 30 3 4 5 0.014000177383423
matrix 30 3 4 5 0.028000116348267
matrix 30 3 4 5 0.018000125885010
matrix 30 3 4 5 0.002999782562256
matrix 30 3 4 5 0.023000001907349
matrix 30 3 4 5 0.030999898910522
matrix 30 3 4 5 0.013999938964844
matrix 30 3 4 5 0.019999980926514
matrix 30 3 4 5 0.022000074386597
matrix 30 3 4 5 0.018999814987183
matrix 30 3 4 5 0.023999929428101
matrix 30 3 4 5 0.015999794006348
matrix 30 3 4 5 0.009000062942505
matrix 30 3 4 5 0.005000114440918
matrix 30 3 4 5 0.018000125885010
matrix 30 3 4 5 0.018000125885010
matrix 30 3 4 5 0.006000041961670
matrix 30 3 4 5 0.035000085830688
matrix 30 3 4 5 0.022000074386597
matrix 30 3 4 5 0.014000177383423
matrix 30 3 4 5 0.013000011444092
matrix 30 3 4 5 0.026999950408936
matrix 30 3 4 5 0.020999908447266
matrix 30 3 4 5 0.006000041961670
matrix 30 3 4 5 0.013999938964844
matrix 30 3 4 5 0.003999948501587
matrix 30 3 4 5 0.019999980926514
matrix 30 3 4 5 0.020999908447266
matrix 30 3 4 5 0.023000001907349
matrix 30 3 4 5 0.021000146865845
matrix 30 3 4 5 0.019999980926514
matrix 30 3 4 5 0.016999959945679
matrix 30 3 4 5 0.011999845504761
matrix 30 3 4 5 0.027000188827515
matrix 30 3 4 5 0.021000146865845
matrix 30 3 4 5 0.016999959945679
matrix 30 3 4 5 0.018999814987183
matrix 30 3 4 5 0.018000125885010
matrix 30 3 4 5 0.003999948501587
matrix 30 3 4 5 0.019000053405762
matrix 30 3 4 5 0.007999897003174
matrix 30 3 4 5 0.019999980926514
matrix 31 3 4 5 0.006999969482422
matrix 31 3 4 5 0.008999824523926
matrix 31 3 4 5 0.006999969482422
matrix 31 3 4 5 0.019999980926514
matrix 31 3 4 5 0.019999980926514
matrix 31 3 4 5 0.016000032424927
matrix 31 3 4 5 0.006000041961670
matrix 31 3 4 5 0.013000011444092
matrix 31 3 4 5 0.022000074386597
matrix 31 3 4 5 0.015000104904175
matrix 31 3 4 5 0.019999980926514
matrix 31 3 4 5 0.027000188827515
matrix 31 3 4 5 0.005999803543091
matrix 31 3 4 5 0.003000020980835
matrix 31 3 4 5 0.009999990463257
matrix 31 3 4 5 0.022000074386597
matrix 31 3 4 5 0.023000001907349
matrix 31 3 4 5 0.022000074386597
matrix 31 3 4 5 0.004999876022339
matrix 31 3 4 5 0.015999794006348
matrix 31 3 4 5 0.014999866485596
matrix 31 3 4 5 0.021999835968018
matrix 31 3 4 5 0.015000104904175
matrix 31 3 4 5 0.024000167846680
matrix 31 3 4 5 0.019999980926514
matrix 31 3 4 5 0.023000001907349
matrix 31 3 4 5 0.021999835968018
matrix 31 3 4 5 0.019999980926514
matrix 31 3 4 5 0.010999917984009
matrix 31 3 4 5 0.024999856948853
matrix 31 3 4 5 0.011000156402588
matrix 31 3 4 5 0.018000125885010
matrix 31 3 4 5 0.020999908447266
matrix 31 3 4 5 0.022000074386597
matrix 31 3 4 5 0.015999794006348
matrix 31 3 4 5 0.018999814987183
matrix 31 3 4 5 0.007999897003174
matrix 31 3 4 5 0.017000198364258
matrix 31 3 4 5 0.008000135421753
matrix 31 3 4 5 0.009999990463257
matrix 31 3 4 5 0.017999887466431
matrix 31 3 4 5 0.023000001907349
matrix 31 3 4 5 0.019000053405762
matrix 31 3 4 5 0.024999856948853
matrix 31 3 4 5 0.014999866485596
matrix 31 3 4 5 0.009999990463257
matrix 31 3 4 5 0.023000001907349
matrix 31 3 4 5 0.002000093460083
matrix 31 3 4 5 0.019000053405762
matrix 31 3 4 5 0.013999938964844
matrix 32 3 4 5 0.019000053405762
matrix 32 3 4 5 0.019000053405762
matrix 32 3 4 5 0.020000219345093
matrix 32 3 4 5 0.011000156402588
matrix 32 3 4 5 0.020999908447266
matrix 32 3 4 5 0.016000032424927
matrix 32 3 4 5 0.022000074386597
matrix 32 3 4 5 0.022000074386597
matrix 32 3 4 5 0.003000020980835
matrix 32 3 4 5 0.026000022888184
matrix 32 3 4 5 0.023999929428101
matrix 32 3 4 5 0.021999835968018
matrix 32 3 4 5 0.018000125885010
matrix 32 3 4 5 0.012000083923340
matrix 32 3 4 5 0.049999952316284
matrix 32 3 4 5 0.019999980926514
matrix 32 3 4 5 0.014999866485596
matrix 32 3 4 5 0.031999826431274
matrix 32 3 4 5 0.013000011444092
matrix 32 3 4 5 0.007999897003174
matrix 32 3 4 5 0.028999805450439
matrix 32 3 4 5 0.019000053405762
matrix 32 3 4 5 0.016000032424927
matrix 32 3 4 5 0.015000104904175
matrix 32 3 4 5 0.010000228881836
matrix 32 3 4 5 0.006999969482422
matrix 32 3 4 5 0.013000011444092
matrix 32 3 4 5 0.019999980926514
matrix 32 3 4 5 0.014999866485596
matrix 32 3 4 5 0.011999845504761
matrix 32 3 4 5 0.018000125885010
matrix 32 3 4 5 0.017999887466431
matrix 32 3 4 5 0.020999908447266
matrix 32 3 4 5 0.016999959945679
matrix 32 3 4 5 0.003999948501587
matrix 32 3 4 5 0.019999980926514
matrix 32 3 4 5 0.012000083923340
matrix 32 3 4 5 0.018999814987183
matrix 32 3 4 5 0.017000198364258
matrix 32 3 4 5 0.017999887466431
matrix 32 3 4 5 0.020999908447266
matrix 32 3 4 5 0.014999866485596
matrix 32 3 4 5 0.024000167846680
matrix 32 3 4 5 0.023000001907349
matrix 32 3 4 5 0.021000146865845
matrix 32 3 4 5 0.016999959945679
matrix 32 3 4 5 0.023000001907349
matrix 32 3 4 5 0.029999971389771
matrix 32 3 4 5 0.021000146865845
matrix 32 3 4 5 0.010999917984009
matrix 33 3 4 5 0.023000001907349
matrix 33 3 4 5 0.041999816894531
matrix 33 3 4 5 0.008000135421753
matrix 33 3 4 5 0.013000011444092
matrix 33 3 4 5 0.011999845504761
matrix 33 3 4 5 0.015999794006348
matrix 33 3 4 5 0.015000104904175
matrix 33 3 4 5 0.012000083923340
matrix 33 3 4 5 0.014999866485596
matrix 33 3 4 5 0.023999929428101
matrix 33 3 4 5 0.023999929428101
matrix 33 3 4 5 0.016000032424927
matrix 33 3 4 5 0.012000083923340
matrix 33 3 4 5 0.009999990463257
matrix 33 3 4 5 0.013000011444092
matrix 33 3 4 5 0.011000156402588
matrix 33 3 4 5 0.006000041961670
matrix 33 3 4 5 0.026000022888184
matrix 33 3 4 5 0.013000011444092
matrix 33 3 4 5 0.013000011444092
matrix 33 3 4 5 0.023999929428101
matrix 33 3 4 5 0.023000001907349
matrix 33 3 4 5 0.003000020980835
matrix 33 3 4 5 0.013000011444092
matrix 33 3 4 5 0.028999805450439
matrix 33 3 4 5 0.016999959945679
matrix 33 3 4 5 0.024999856948853
matrix 33 3 4 5 0.020999908447266
matrix 33 3 4 5 0.039000034332275
matrix 33 3 4 5 0.023000001907349
matrix 33 3 4 5 0.003999948501587
matrix 33 3 4 5 0.018000125885010
matrix 33 3 4 5 0.055000066757202
matrix 33 3 4 5 0.026000022888184
matrix 33 3 4 5 0.019999980926514
matrix 33 3 4 5 0.024000167846680
matrix 33 3 4 5 0.015000104904175
matrix 33 3 4 5 0.020999908447266
matrix 33 3 4 5 0.027999877929688
matrix 33 3 4 5 0.009000062942505
matrix 33 3 4 5 0.014999866485596
matrix 33 3 4 5 0.018999814987183
matrix 33 3 4 5 0.023000001907349
matrix 33 3 4 5 0.019000053405762
matrix 33 3 4 5 0.023000001907349
matrix 33 3 4 5 0.016999959945679
matrix 33 3 4 5 0.019999980926514
matrix 33 3 4 5 0.004999876022339
matrix 33 3 4 5 0.023000001907349
matrix 33 3 4 5 0.013999938964844
matrix 34 3 4 5 0.019999980926514
matrix 34 3 4 5 0.019000053405762
matrix 34 3 4 5 0.021999835968018
matrix 34 3 4 5 0.018999814987183
matrix 34 3 4 5 0.036000013351440
matrix 34 3 4 5 0.025000095367432
matrix 34 3 4 5 0.024000167846680
matrix 34 3 4 5 0.018999814987183
matrix 34 3 4 5 0.013000011444092
matrix 34 3 4 5 0.020999908447266
matrix 34 3 4 5 0.019999980926514
matrix 34 3 4 5 0.015000104904175
matrix 34 3 4 5 0.016999959945679
matrix 34 3 4 5 0.023000001907349
matrix 34 3 4 5 0.012000083923340
matrix 34 3 4 5 0.009999990463257
matrix 34 3 4 5 0.006999969482422
matrix 34 3 4 5 0.017999887466431
matrix 34 3 4 5 0.023000001907349
matrix 34 3 4 5 0.023000001907349
matrix 34 3 4 5 0.008999824523926
matrix 34 3 4 5 0.022000074386597
matrix 34 3 4 5 0.010999917984009
matrix 34 3 4 5 0.023999929428101
matrix 34 3 4 5 0.024000167846680
matrix 34 3 4 5 0.027000188827515
matrix 34 3 4 5 0.015000104904175
matrix 34 3 4 5 0.025000095367432
matrix 34 3 4 5 0.017000198364258
matrix 34 3 4 5 0.011999845504761
matrix 34 3 4 5 0.017999887466431
matrix 34 3 4 5 0.018000125885010
matrix 34 3 4 5 0.006999969482422
matrix 34 3 4 5 0.016000032424927
matrix 34 3 4 5 0.006999969482422
matrix 34 3 4 5 0.009000062942505
matrix 34 3 4 5 0.041999816894531
matrix 34 3 4 5 0.006999969482422
matrix 34 3 4 5 0.019999980926514
matrix 34 3 4 5 0.013000011444092
matrix 34 3 4 5 0.015000104904175
matrix 34 3 4 5 0.039999961853027
matrix 34 3 4 5 0.019000053405762
matrix 34 3 4 5 0.025000095367432
matrix 34 3 4 5 0.023999929428101
matrix 34 3 4 5 0.007000207901001
matrix 34 3 4 5 0.006000041961670
matrix 34 3 4 5 0.025000095367432
matrix 34 3 4 5 0.020999908447266
matrix 34 3 4 5 0.015000104904175
matrix 35 3 4 5 0.013999938964844
matrix 35 3 4 5 0.015999794006348
matrix 35 3 4 5 0.018000125885010
matrix 35 3 4 5 0.020999908447266
matrix 35 3 4 5 0.020000219345093
matrix 35 3 4 5 0.019000053405762
matrix 35 3 4 5 0.012000083923340
matrix 35 3 4 5 0.025000095367432
matrix 35 3 4 5 0.009000062942505
matrix 35 3 4 5 0.017999887466431
matrix 35 3 4 5 0.020999908447266
matrix 35 3 4 5 0.010999917984009
matrix 35 3 4 5 0.022000074386597
matrix 35 3 4 5 0.016999959945679
matrix 35 3 4 5 0.017999887466431
matrix 35 3 4 5 0.015999794006348
matrix 35 3 4 5 0.006999969482422
matrix 35 3 4 5 0.016000032424927
matrix 35 3 4 5 0.028999805450439
matrix 35 3 4 5 0.013000011444092
matrix 35 3 4 5 0.023999929428101
matrix 35 3 4 5 0.013000011444092
matrix 35 3 4 5 0.019000053405762
matrix 35 3 4 5 0.026000022888184
matrix 35 3 4 5 0.016999959945679
matrix 35 3 4 5 0.014000177383423
matrix 35 3 4 5 0.023000001907349
matrix 35 3 4 5 0.017999887466431
matrix 35 3 4 5 0.026999950408936
matrix 35 3 4 5 0.005000114440918
matrix 35 3 4 5 0.015000104904175
matrix 35 3 4 5 0.010000228881836
matrix 35 3 4 5 0.019000053405762
matrix 35 3 4 5 0.019000053405762
matrix 35 3 4 5 0.020999908447266
matrix 35 3 4 5 0.012000083923340
matrix 35 3 4 5 0.015999794006348
matrix 35 3 4 5 0.013999938964844
matrix 35 3 4 5 0.014000177383423
matrix 35 3 4 5 0.023000001907349
matrix 35 3 4 5 0.023999929428101
matrix 35 3 4 5 0.016000032424927
matrix 35 3 4 5 0.036999940872192
matrix 35 3 4 5 0.026999950408936
matrix 35 3 4 5 0.019000053405762
matrix 35 3 4 5 0.015000104904175
matrix 35 3 4 5 0.016999959945679
matrix 35 3 4 5 0.019999980926514
matrix 35 3 4 5 0.012000083923340
matrix 35 3 4 5 0.013000011444092
matrix 36 3 4 5 0.009000062942505
matrix 36 3 4 5 0.017999887466431
matrix 36 3 4 5 0.019000053405762
matrix 36 3 4 5 0.010999917984009
matrix 36 3 4 5 0.013999938964844
matrix 36 3 4 5 0.042000055313110
matrix 36 3 4 5 0.021000146865845
matrix 36 3 4 5 0.017999887466431
matrix 36 3 4 5 0.016999959945679
matrix 36 3 4 5 0.015000104904175
matrix 36 3 4 5 0.021999835968018
matrix 36 3 4 5 0.023999929428101
matrix 36 3 4 5 0.015000104904175
matrix 36 3 4 5 0.023000001907349
matrix 36 3 4 5 0.019999980926514
matrix 36 3 4 5 0.016999959945679
matrix 36 3 4 5 0.028999805450439
matrix 36 3 4 5 0.005000114440918
matrix 36 3 4 5 0.009999990463257
matrix 36 3 4 5 0.026000022888184
matrix 36 3 4 5 0.015000104904175
matrix 36 3 4 5 0.023999929428101
matrix 36 3 4 5 0.030999898910522
matrix 36 3 4 5 0.016999959945679
matrix 36 3 4 5 0.006999969482422
matrix 36 3 4 5 0.012000083923340
matrix 36 3 4 5 0.016999959945679
matrix 36 3 4 5 0.016999959945679
matrix 36 3 4 5 0.005000114440918
matrix 36 3 4 5 0.016999959945679
matrix 36 3 4 5 0.023000001907349
matrix 36 3 4 5 0.019000053405762
matrix 36 3 4 5 0.016999959945679
matrix 36 3 4 5 0.009000062942505
matrix 36 3 4 5 0.009999990463257
matrix 36 3 4 5 0.023000001907349
matrix 36 3 4 5 0.022000074386597
matrix 36 3 4 5 0.039999961853027
matrix 36 3 4 5 0.020999908447266
matrix 36 3 4 5 0.003999948501587
matrix 36 3 4 5 0.023999929428101
matrix 36 3 4 5 0.016999959945679
matrix 36 3 4 5 0.019000053405762
matrix 36 3 4 5 0.019999980926514
matrix 36 3 4 5 0.009999990463257
matrix 36 3 4 5 0.016999959945679
matrix 36 3 4 5 0.007999897003174
matrix 36 3 4 5 0.023999929428101
matrix 36 3 4 5 0.030999898910522
matrix 36 3 4 5 0.016000032424927
matrix 37 3 4 5 0.013999938964844
matrix 37 3 4 5 0.016000032424927
matrix 37 3 4 5 0.022000074386597
matrix 37 3 4 5 0.030000209808350
matrix 37 3 4 5 0.016000032424927
matrix 37 3 4 5 0.016000032424927
matrix 37 3 4 5 0.022000074386597
matrix 37 3 4 5 0.029999971389771
matrix 37 3 4 5 0.013999938964844
matrix 37 3 4 5 0.014999866485596
matrix 37 3 4 5 0.019000053405762
matrix 37 3 4 5 0.025999784469604
matrix 37 3 4 5 0.019999980926514
matrix 37 3 4 5 0.085000038146973
matrix 37 3 4 5 0.019999980926514
matrix 37 3 4 5 0.029000043869019
matrix 37 3 4 5 0.019999980926514
matrix 37 3 4 5 0.023000001907349
matrix 37 3 4 5 0.021999835968018
matrix 37 3 4 5 0.023999929428101
matrix 37 3 4 5 0.019999980926514
matrix 37 3 4 5 0.007999897003174
matrix 37 3 4 5 0.023000001907349
matrix 37 3 4 5 0.013999938964844
matrix 37 3 4 5 0.019000053405762
matrix 37 3 4 5 0.016000032424927
matrix 37 3 4 5 0.021000146865845
matrix 37 3 4 5 0.016000032424927
matrix 37 3 4 5 0.006000041961670
matrix 37 3 4 5 0.070999860763550
matrix 37 3 4 5 0.012000083923340
matrix 37 3 4 5 0.019999980926514
matrix 37 3 4 5 0.026999950408936
matrix 37 3 4 5 0.018000125885010
matrix 37 3 4 5 0.010999917984009
matrix 37 3 4 5 0.022000074386597
matrix 37 3 4 5 0.020999908447266
matrix 37 3 4 5 0.017000198364258
matrix 37 3 4 5 0.019999980926514
matrix 37 3 4 5 0.023000001907349
matrix 37 3 4 5 0.011000156402588
matrix 37 3 4 5 0.019999980926514
matrix 37 3 4 5 0.020999908447266
matrix 37 3 4 5 0.017999887466431
matrix 37 3 4 5 0.024999856948853
matrix 37 3 4 5 0.026999950408936
matrix 37 3 4 5 0.017999887466431
matrix 37 3 4 5 0.035000085830688
matrix 37 3 4 5 0.023000001907349
matrix 37 3 4 5 0.019999980926514
matrix 38 3 4 5 0.010999917984009
matrix 38 3 4 5 0.016000032424927
matrix 38 3 4 5 0.019999980926514
matrix 38 3 4 5 0.020999908447266
matrix 38 3 4 5 0.010999917984009
matrix 38 3 4 5 0.009999990463257
matrix 38 3 4 5 0.017999887466431
matrix 38 3 4 5 0.032000064849854
matrix 38 3 4 5 0.006999969482422
matrix 38 3 4 5 0.018999814987183
matrix 38 3 4 5 0.018999814987183
matrix 38 3 4 5 0.023999929428101
matrix 38 3 4 5 0.013000011444092
matrix 38 3 4 5 0.018999814987183
matrix 38 3 4 5 0.023999929428101
matrix 38 3 4 5 0.027999877929688
matrix 38 3 4 5 0.016000032424927
matrix 38 3 4 5 0.042999982833862
matrix 38 3 4 5 0.010999917984009
matrix 38 3 4 5 0.024000167846680
matrix 38 3 4 5 0.006000041961670
matrix 38 3 4 5 0.028000116348267
matrix 38 3 4 5 0.019000053405762
matrix 38 3 4 5 0.016000032424927
matrix 38 3 4 5 0.019000053405762
matrix 38 3 4 5 0.019999980926514
matrix 38 3 4 5 0.015999794006348
matrix 38 3 4 5 0.016000032424927
matrix 38 3 4 5 0.012000083923340
matrix 38 3 4 5 0.020999908447266
matrix 38 3 4 5 0.070000171661377
matrix 38 3 4 5 0.017999887466431
matrix 38 3 4 5 0.026000022888184
matrix 38 3 4 5 0.033999919891357
matrix 38 3 4 5 0.012000083923340
matrix 38 3 4 5 0.021999835968018
matrix 38 3 4 5 0.019000053405762
matrix 38 3 4 5 0.004999876022339
matrix 38 3 4 5 0.018000125885010
matrix 38 3 4 5 0.012000083923340
matrix 38 3 4 5 0.019999980926514
matrix 38 3 4 5 0.028000116348267
matrix 38 3 4 5 0.023999929428101
matrix 38 3 4 5 0.017999887466431
matrix 38 3 4 5 0.019999980926514
matrix 38 3 4 5 0.009000062942505
matrix 38 3 4 5 0.008000135421753
matrix 38 3 4 5 0.013000011444092
matrix 38 3 4 5 0.108000040054321
matrix 38 3 4 5 0.010999917984009
matrix 39 3 4 5 0.028000116348267
matrix 39 3 4 5 0.015000104904175
matrix 39 3 4 5 0.021000146865845
matrix 39 3 4 5 0.013000011444092
matrix 39 3 4 5 0.022000074386597
matrix 39 3 4 5 0.019000053405762
matrix 39 3 4 5 0.023999929428101
matrix 39 3 4 5 0.021999835968018
matrix 39 3 4 5 0.009999990463257
matrix 39 3 4 5 0.016999959945679
matrix 39 3 4 5 0.022000074386597
matrix 39 3 4 5 0.024999856948853
matrix 39 3 4 5 0.019999980926514
matrix 39 3 4 5 0.022000074386597
matrix 39 3 4 5 0.015000104904175
matrix 39 3 4 5 0.027000188827515
matrix 39 3 4 5 0.020999908447266
matrix 39 3 4 5 0.045000076293945
matrix 39 3 4 5 0.026999950408936
matrix 39 3 4 5 0.006999969482422
matrix 39 3 4 5 0.013000011444092
matrix 39 3 4 5 0.013000011444092
matrix 39 3 4 5 0.026999950408936
matrix 39 3 4 5 0.019000053405762
matrix 39 3 4 5 0.028000116348267
matrix 39 3 4 5 0.012000083923340
matrix 39 3 4 5 0.019000053405762
matrix 39 3 4 5 0.012000083923340
matrix 39 3 4 5 0.023000001907349
matrix 39 3 4 5 0.013000011444092
matrix 39 3 4 5 0.032999992370605
matrix 39 3 4 5 0.021000146865845
matrix 39 3 4 5 0.042000055313110
matrix 39 3 4 5 0.020999908447266
matrix 39 3 4 5 0.019999980926514
matrix 39 3 4 5 0.030000209808350
matrix 39 3 4 5 0.016000032424927
matrix 39 3 4 5 0.017999887466431
matrix 39 3 4 5 0.023000001907349
matrix 39 3 4 5 0.006000041961670
matrix 39 3 4 5 0.150999784469604
matrix 39 3 4 5 0.011000156402588
matrix 39 3 4 5 0.029000043869019
matrix 39 3 4 5 0.023999929428101
matrix 39 3 4 5 0.009999990463257
matrix 39 3 4 5 0.019999980926514
matrix 39 3 4 5 0.018000125885010
matrix 39 3 4 5 0.016000032424927
matrix 39 3 4 5 0.013999938964844
matrix 39 3 4 5 0.023000001907349
matrix 40 3 4 5 0.011999845504761
matrix 40 3 4 5 0.018999814987183
matrix 40 3 4 5 0.018000125885010
matrix 40 3 4 5 0.017999887466431
matrix 40 3 4 5 0.011999845504761
matrix 40 3 4 5 0.006999969482422
matrix 40 3 4 5 0.015000104904175
matrix 40 3 4 5 0.015000104904175
matrix 40 3 4 5 0.023000001907349
matrix 40 3 4 5 0.013000011444092
matrix 40 3 4 5 0.026000022888184
matrix 40 3 4 5 0.021999835968018
matrix 40 3 4 5 0.019999980926514
matrix 40 3 4 5 0.016000032424927
matrix 40 3 4 5 0.026999950408936
matrix 40 3 4 5 0.036000013351440
matrix 40 3 4 5 0.008000135421753
matrix 40 3 4 5 0.030000209808350
matrix 40 3 4 5 0.020999908447266
matrix 40 3 4 5 0.016000032424927
matrix 40 3 4 5 0.009000062942505
matrix 40 3 4 5 0.026000022888184
matrix 40 3 4 5 0.026999950408936
matrix 40 3 4 5 0.020000219345093
matrix 40 3 4 5 0.009999990463257
matrix 40 3 4 5 0.023000001907349
matrix 40 3 4 5 0.022000074386597
matrix 40 3 4 5 0.014999866485596
matrix 40 3 4 5 0.020999908447266
matrix 40 3 4 5 0.019000053405762
matrix 40 3 4 5 0.029000043869019
matrix 40 3 4 5 0.016000032424927
matrix 40 3 4 5 0.019000053405762
matrix 40 3 4 5 0.013999938964844
matrix 40 3 4 5 0.016999959945679
matrix 40 3 4 5 0.018999814987183
matrix 40 3 4 5 0.024999856948853
matrix 40 3 4 5 0.023000001907349
matrix 40 3 4 5 0.022000074386597
matrix 40 3 4 5 0.022000074386597
matrix 40 3 4 5 0.032999992370605
matrix 40 3 4 5 0.019999980926514
matrix 40 3 4 5 0.009000062942505
matrix 40 3 4 5 0.005000114440918
matrix 40 3 4 5 0.023000001907349
matrix 40 3 4 5 0.009000062942505
matrix 40 3 4 5 0.029000043869019
matrix 40 3 4 5 0.017999887466431
matrix 40 3 4 5 0.024000167846680
matrix 40 3 4 5 0.021000146865845
matrix 41 3 4 5 0.029999971389771
matrix 41 3 4 5 0.019000053405762
matrix 41 3 4 5 0.009999990463257
matrix 41 3 4 5 0.032000064849854
matrix 41 3 4 5 0.014999866485596
matrix 41 3 4 5 0.016000032424927
matrix 41 3 4 5 0.012000083923340
matrix 41 3 4 5 0.025000095367432
matrix 41 3 4 5 0.015000104904175
matrix 41 3 4 5 0.016000032424927
matrix 41 3 4 5 0.013000011444092
matrix 41 3 4 5 0.015000104904175
matrix 41 3 4 5 0.009000062942505
matrix 41 3 4 5 0.019000053405762
matrix 41 3 4 5 0.024999856948853
matrix 41 3 4 5 0.017999887466431
matrix 41 3 4 5 0.041000127792358
matrix 41 3 4 5 0.023999929428101
matrix 41 3 4 5 0.005000114440918
matrix 41 3 4 5 0.027999877929688
matrix 41 3 4 5 0.013999938964844
matrix 41 3 4 5 0.009999990463257
matrix 41 3 4 5 0.006000041961670
matrix 41 3 4 5 0.023000001907349
matrix 41 3 4 5 0.025000095367432
matrix 41 3 4 5 0.016000032424927
matrix 41 3 4 5 0.032999992370605
matrix 41 3 4 5 0.022000074386597
matrix 41 3 4 5 0.013000011444092
matrix 41 3 4 5 0.022000074386597
matrix 41 3 4 5 0.010999917984009
matrix 41 3 4 5 0.037999868392944
matrix 41 3 4 5 0.009000062942505
matrix 41 3 4 5 0.009000062942505
matrix 41 3 4 5 0.017999887466431
matrix 41 3 4 5 0.023999929428101
matrix 41 3 4 5 0.054000139236450
matrix 41 3 4 5 0.009000062942505
matrix 41 3 4 5 0.023999929428101
matrix 41 3 4 5 0.020999908447266
matrix 41 3 4 5 0.006999969482422
matrix 41 3 4 5 0.010999917984009
matrix 41 3 4 5 0.016999959945679
matrix 41 3 4 5 0.023999929428101
matrix 41 3 4 5 0.019999980926514
matrix 41 3 4 5 0.024000167846680
matrix 41 3 4 5 0.031000137329102
matrix 41 3 4 5 0.011000156402588
matrix 41 3 4 5 0.006999969482422
matrix 41 3 4 5 0.021000146865845
matrix 42 3 4 5 0.009000062942505
matrix 42 3 4 5 0.025000095367432
matrix 42 3 4 5 0.011000156402588
matrix 42 3 4 5 0.028000116348267
matrix 42 3 4 5 0.020999908447266
matrix 42 3 4 5 0.031000137329102
matrix 42 3 4 5 0.026000022888184
matrix 42 3 4 5 0.019000053405762
matrix 42 3 4 5 0.036000013351440
matrix 42 3 4 5 0.023999929428101
matrix 42 3 4 5 0.012000083923340
matrix 42 3 4 5 0.021999835968018
matrix 42 3 4 5 0.069000005722046
matrix 42 3 4 5 0.019999980926514
matrix 42 3 4 5 0.032000064849854
matrix 42 3 4 5 0.012000083923340
matrix 42 3 4 5 0.016000032424927
matrix 42 3 4 5 0.038000106811523
matrix 42 3 4 5 0.015000104904175
matrix 42 3 4 5 0.028999805450439
matrix 42 3 4 5 0.023000001907349
matrix 42 3 4 5 0.030999898910522
matrix 42 3 4 5 0.013999938964844
matrix 42 3 4 5 0.009000062942505
matrix 42 3 4 5 0.026000022888184
matrix 42 3 4 5 0.022000074386597
matrix 42 3 4 5 0.021000146865845
matrix 42 3 4 5 0.032999992370605
matrix 42 3 4 5 0.023999929428101
matrix 42 3 4 5 0.006999969482422
matrix 42 3 4 5 0.045000076293945
matrix 42 3 4 5 0.023999929428101
matrix 42 3 4 5 0.023999929428101
matrix 42 3 4 5 0.024000167846680
matrix 42 3 4 5 0.017999887466431
matrix 42 3 4 5 0.036999940872192
matrix 42 3 4 5 0.023000001907349
matrix 42 3 4 5 0.013999938964844
matrix 42 3 4 5 0.011999845504761
matrix 42 3 4 5 0.032000064849854
matrix 42 3 4 5 0.020000219345093
matrix 42 3 4 5 0.025000095367432
matrix 42 3 4 5 0.018000125885010
matrix 42 3 4 5 0.022000074386597
matrix 42 3 4 5 0.016000032424927
matrix 42 3 4 5 0.006999969482422
matrix 42 3 4 5 0.024000167846680
matrix 42 3 4 5 0.027999877929688
matrix 42 3 4 5 0.032999992370605
matrix 42 3 4 5 0.023999929428101
matrix 43 3 4 5 0.023000001907349
matrix 43 3 4 5 0.023000001907349
matrix 43 3 4 5 0.019000053405762
matrix 43 3 4 5 0.037999868392944
matrix 43 3 4 5 0.029999971389771
matrix 43 3 4 5 0.034000158309937
matrix 43 3 4 5 0.006999969482422
matrix 43 3 4 5 0.019999980926514
matrix 43 3 4 5 0.048000097274780
matrix 43 3 4 5 0.024000167846680
matrix 43 3 4 5 0.025000095367432
matrix 43 3 4 5 0.032000064849854
matrix 43 3 4 5 0.014999866485596
matrix 43 3 4 5 0.014999866485596
matrix 43 3 4 5 0.032000064849854
matrix 43 3 4 5 0.024999856948853
matrix 43 3 4 5 0.023000001907349
matrix 43 3 4 5 0.021000146865845
matrix 43 3 4 5 0.080000162124634
matrix 43 3 4 5 0.024000167846680
matrix 43 3 4 5 0.018000125885010
matrix 43 3 4 5 0.006000041961670
matrix 43 3 4 5 0.010999917984009
matrix 43 3 4 5 0.031000137329102
matrix 43 3 4 5 0.028999805450439
matrix 43 3 4 5 0.026999950408936
matrix 43 3 4 5 0.024000167846680
matrix 43 3 4 5 0.019000053405762
matrix 43 3 4 5 0.009999990463257
matrix 43 3 4 5 0.019000053405762
matrix 43 3 4 5 0.019000053405762
matrix 43 3 4 5 0.012000083923340
matrix 43 3 4 5 0.023000001907349
matrix 43 3 4 5 0.013999938964844
matrix 43 3 4 5 0.006000041961670
matrix 43 3 4 5 0.012999773025513
matrix 43 3 4 5 0.020999908447266
matrix 43 3 4 5 0.013999938964844
matrix 43 3 4 5 0.036000013351440
matrix 43 3 4 5 0.006999969482422
matrix 43 3 4 5 0.028000116348267
matrix 43 3 4 5 0.019999980926514
matrix 43 3 4 5 0.032999992370605
matrix 43 3 4 5 0.017999887466431
matrix 43 3 4 5 0.023000001907349
matrix 43 3 4 5 0.028000116348267
matrix 43 3 4 5 0.007999897003174
matrix 43 3 4 5 0.016000032424927
matrix 43 3 4 5 0.011000156402588
matrix 43 3 4 5 0.029000043869019
matrix 44 3 4 5 0.016999959945679
matrix 44 3 4 5 0.023000001907349
matrix 44 3 4 5 0.008000135421753
matrix 44 3 4 5 0.026000022888184
matrix 44 3 4 5 0.031000137329102
matrix 44 3 4 5 0.023000001907349
matrix 44 3 4 5 0.022000074386597
matrix 44 3 4 5 0.026999950408936
matrix 44 3 4 5 0.035000085830688
matrix 44 3 4 5 0.026000022888184
matrix 44 3 4 5 0.019000053405762
matrix 44 3 4 5 0.016999959945679
matrix 44 3 4 5 0.018000125885010
matrix 44 3 4 5 0.029999971389771
matrix 44 3 4 5 0.018000125885010
matrix 44 3 4 5 0.005000114440918
matrix 44 3 4 5 0.018000125885010
matrix 44 3 4 5 0.016999959945679
matrix 44 3 4 5 0.006000041961670
matrix 44 3 4 5 0.011000156402588
matrix 44 3 4 5 0.016999959945679
matrix 44 3 4 5 0.028000116348267
matrix 44 3 4 5 0.021000146865845
matrix 44 3 4 5 0.026999950408936
matrix 44 3 4 5 0.023999929428101
matrix 44 3 4 5 0.026000022888184
matrix 44 3 4 5 0.009999990463257
matrix 44 3 4 5 0.017999887466431
matrix 44 3 4 5 0.013999938964844
matrix 44 3 4 5 0.023999929428101
matrix 44 3 4 5 0.014999866485596
matrix 44 3 4 5 0.027999877929688
matrix 44 3 4 5 0.024999856948853
matrix 44 3 4 5 0.024999856948853
matrix 44 3 4 5 0.019000053405762
matrix 44 3 4 5 0.034999847412109
matrix 44 3 4 5 0.024000167846680
matrix 44 3 4 5 0.020999908447266
matrix 44 3 4 5 0.030999898910522
matrix 44 3 4 5 0.041000127792358
matrix 44 3 4 5 0.030999898910522
matrix 44 3 4 5 0.014999866485596
matrix 44 3 4 5 0.019999980926514
matrix 44 3 4 5 0.025000095367432
matrix 44 3 4 5 0.023999929428101
matrix 44 3 4 5 0.024999856948853
matrix 44 3 4 5 0.023999929428101
matrix 44 3 4 5 0.006000041961670
matrix 44 3 4 5 0.009999990463257
matrix 44 3 4 5 0.028999805450439
matrix 45 3 4 5 0.007999897003174
matrix 45 3 4 5 0.022000074386597
matrix 45 3 4 5 0.022000074386597
matrix 45 3 4 5 0.023000001907349
matrix 45 3 4 5 0.016000032424927
matrix 45 3 4 5 0.059999942779541
matrix 45 3 4 5 0.311000108718872
matrix 45 3 4 5 0.183999776840210
matrix 45 3 4 5 0.137000083923340
matrix 45 3 4 5 0.154000043869019
matrix 45 3 4 5 0.153000116348267
matrix 45 3 4 5 0.054000139236450
matrix 45 3 4 5 0.102999925613403
matrix 45 3 4 5 0.103999853134155
matrix 45 3 4 5 0.101999998092651
matrix 45 3 4 5 0.077999830245972
matrix 45 3 4 5 0.099999904632568
matrix 45 3 4 5 0.061000108718872
matrix 45 3 4 5 0.085999965667725
matrix 45 3 4 5 0.092999935150146
matrix 45 3 4 5 0.087999820709229
matrix 45 3 4 5 0.062000036239624
matrix 45 3 4 5 0.062999963760376
matrix 45 3 4 5 0.071000099182129
matrix 45 3 4 5 0.068000078201294
matrix 45 3 4 5 0.031000137329102
matrix 45 3 4 5 0.065999984741211
matrix 45 3 4 5 0.042999982833862
matrix 45 3 4 5 0.110000133514404
matrix 45 3 4 5 0.050999879837036
matrix 45 3 4 5 0.075999975204468
matrix 45 3 4 5 0.061000108718872
matrix 45 3 4 5 0.044000148773193
matrix 45 3 4 5 0.050999879837036
matrix 45 3 4 5 0.085999965667725
matrix 45 3 4 5 0.083000183105469
matrix 45 3 4 5 0.089999914169312
matrix 45 3 4 5 0.026000022888184
matrix 45 3 4 5 0.038999795913696
matrix 45 3 4 5 0.074000120162964
matrix 45 3 4 5 0.026999950408936
matrix 45 3 4 5 0.036000013351440
matrix 45 3 4 5 0.055000066757202
matrix 45 3 4 5 0.056999921798706
matrix 45 3 4 5 0.025000095367432
matrix 45 3 4 5 0.059999942779541
matrix 45 3 4 5 0.040999889373779
matrix 45 3 4 5 0.040999889373779
matrix 45 3 4 5 0.042000055313110
matrix 45 3 4 5 0.044000148773193
matrix 46 3 4 5 0.018000125885010
matrix 46 3 4 5 0.035000085830688
matrix 46 3 4 5 0.016000032424927
matrix 46 3 4 5 0.059000015258789
matrix 46 3 4 5 0.118000030517578
matrix 46 3 4 5 0.032000064849854
matrix 46 3 4 5 0.026000022888184
matrix 46 3 4 5 0.012000083923340
matrix 46 3 4 5 0.032999992370605
matrix 46 3 4 5 0.014999866485596
matrix 46 3 4 5 0.026000022888184
matrix 46 3 4 5 0.019999980926514
matrix 46 3 4 5 0.023000001907349
matrix 46 3 4 5 0.026000022888184
matrix 46 3 4 5 0.010999917984009
matrix 46 3 4 5 0.032999992370605
matrix 46 3 4 5 0.026000022888184
matrix 46 3 4 5 0.024000167846680
matrix 46 3 4 5 0.085000038146973
matrix 46 3 4 5 0.021000146865845
matrix 46 3 4 5 0.026999950408936
matrix 46 3 4 5 0.021000146865845
matrix 46 3 4 5 0.023999929428101
matrix 46 3 4 5 0.016999959945679
matrix 46 3 4 5 0.029999971389771
matrix 46 3 4 5 0.011000156402588
matrix 46 3 4 5 0.023000001907349
matrix 46 3 4 5 0.019999980926514
matrix 46 3 4 5 0.026999950408936
matrix 46 3 4 5 0.014999866485596
matrix 46 3 4 5 0.022000074386597
matrix 46 3 4 5 0.052999973297119
matrix 46 3 4 5 0.007999897003174
matrix 46 3 4 5 0.040999889373779
matrix 46 3 4 5 0.028000116348267
matrix 46 3 4 5 0.009000062942505
matrix 46 3 4 5 0.009000062942505
matrix 46 3 4 5 0.023000001907349
matrix 46 3 4 5 0.025000095367432
matrix 46 3 4 5 0.019999980926514
matrix 46 3 4 5 0.022000074386597
matrix 46 3 4 5 0.020999908447266
matrix 46 3 4 5 0.037999868392944
matrix 46 3 4 5 0.034000158309937
matrix 46 3 4 5 0.041000127792358
matrix 46 3 4 5 0.056999921798706
matrix 46 3 4 5 0.028999805450439
matrix 46 3 4 5 0.023999929428101
matrix 46 3 4 5 0.023000001907349
matrix 46 3 4 5 0.029999971389771
matrix 47 3 4 5 0.026000022888184
matrix 47 3 4 5 0.017999887466431
matrix 47 3 4 5 0.013000011444092
matrix 47 3 4 5 0.013999938964844
matrix 47 3 4 5 0.015000104904175
matrix 47 3 4 5 0.016999959945679
matrix 47 3 4 5 0.031000137329102
matrix 47 3 4 5 0.023999929428101
matrix 47 3 4 5 0.022000074386597
matrix 47 3 4 5 0.015999794006348
matrix 47 3 4 5 0.025000095367432
matrix 47 3 4 5 0.029000043869019
matrix 47 3 4 5 0.026000022888184
matrix 47 3 4 5 0.009000062942505
matrix 47 3 4 5 0.024999856948853
matrix 47 3 4 5 0.006000041961670
matrix 47 3 4 5 0.026000022888184
matrix 47 3 4 5 0.020999908447266
matrix 47 3 4 5 0.020999908447266
matrix 47 3 4 5 0.019000053405762
matrix 47 3 4 5 0.013999938964844
matrix 47 3 4 5 0.029999971389771
matrix 47 3 4 5 0.048999786376953
matrix 47 3 4 5 0.029000043869019
matrix 47 3 4 5 0.018000125885010
matrix 47 3 4 5 0.023000001907349
matrix 47 3 4 5 0.014999866485596
matrix 47 3 4 5 0.036000013351440
matrix 47 3 4 5 0.023000001907349
matrix 47 3 4 5 0.019000053405762
matrix 47 3 4 5 0.023999929428101
matrix 47 3 4 5 0.013999938964844
matrix 47 3 4 5 0.019999980926514
matrix 47 3 4 5 0.026999950408936
matrix 47 3 4 5 0.025999784469604
matrix 47 3 4 5 0.023000001907349
matrix 47 3 4 5 0.017999887466431
matrix 47 3 4 5 0.019999980926514
matrix 47 3 4 5 0.006999969482422
matrix 47 3 4 5 0.020999908447266
matrix 47 3 4 5 0.006000041961670
matrix 47 3 4 5 0.012000083923340
matrix 47 3 4 5 0.009999990463257
matrix 47 3 4 5 0.026999950408936
matrix 47 3 4 5 0.011999845504761
matrix 47 3 4 5 0.016999959945679
matrix 47 3 4 5 0.026000022888184
matrix 47 3 4 5 0.013000011444092
matrix 47 3 4 5 0.005999803543091
matrix 47 3 4 5 0.016999959945679
matrix 48 3 4 5 0.024999856948853
matrix 48 3 4 5 0.008999824523926
matrix 48 3 4 5 0.018000125885010
matrix 48 3 4 5 0.031999826431274
matrix 48 3 4 5 0.016000032424927
matrix 48 3 4 5 0.029000043869019
matrix 48 3 4 5 0.015000104904175
matrix 48 3 4 5 0.022000074386597
matrix 48 3 4 5 0.017999887466431
matrix 48 3 4 5 0.020999908447266
matrix 48 3 4 5 0.027000188827515
matrix 48 3 4 5 0.021000146865845
matrix 48 3 4 5 0.024000167846680
matrix 48 3 4 5 0.019999980926514
matrix 48 3 4 5 0.036999940872192
matrix 48 3 4 5 0.020999908447266
matrix 48 3 4 5 0.020999908447266
matrix 48 3 4 5 0.020999908447266
matrix 48 3 4 5 0.033999919891357
matrix 48 3 4 5 0.028000116348267
matrix 48 3 4 5 0.010999917984009
matrix 48 3 4 5 0.024000167846680
matrix 48 3 4 5 0.013999938964844
matrix 48 3 4 5 0.017999887466431
matrix 48 3 4 5 0.015000104904175
matrix 48 3 4 5 0.026000022888184
matrix 48 3 4 5 0.023999929428101
matrix 48 3 4 5 0.009999990463257
matrix 48 3 4 5 0.023000001907349
matrix 48 3 4 5 0.006000041961670
matrix 48 3 4 5 0.025000095367432
matrix 48 3 4 5 0.018000125885010
matrix 48 3 4 5 0.019999980926514
matrix 48 3 4 5 0.023000001907349
matrix 48 3 4 5 0.023000001907349
matrix 48 3 4 5 0.016000032424927
matrix 48 3 4 5 0.017999887466431
matrix 48 3 4 5 0.010999917984009
matrix 48 3 4 5 0.013999938964844
matrix 48 3 4 5 0.020999908447266
matrix 48 3 4 5 0.024000167846680
matrix 48 3 4 5 0.022000074386597
matrix 48 3 4 5 0.017999887466431
matrix 48 3 4 5 0.016999959945679
matrix 48 3 4 5 0.022000074386597
matrix 48 3 4 5 0.028999805450439
matrix 48 3 4 5 0.019999980926514
matrix 48 3 4 5 0.023000001907349
matrix 48 3 4 5 0.016999959945679
matrix 48 3 4 5 0.024000167846680
matrix 49 3 4 5 0.006000041961670
matrix 49 3 4 5 0.023000001907349
matrix 49 3 4 5 0.019000053405762
matrix 49 3 4 5 0.016999959945679
matrix 49 3 4 5 0.029000043869019
matrix 49 3 4 5 0.021000146865845
matrix 49 3 4 5 0.029000043869019
matrix 49 3 4 5 0.011999845504761
matrix 49 3 4 5 0.019000053405762
matrix 49 3 4 5 0.015999794006348
matrix 49 3 4 5 0.008999824523926
matrix 49 3 4 5 0.032999992370605
matrix 49 3 4 5 0.013000011444092
matrix 49 3 4 5 0.021999835968018
matrix 49 3 4 5 0.020000219345093
matrix 49 3 4 5 0.026999950408936
matrix 49 3 4 5 0.030999898910522
matrix 49 3 4 5 0.013000011444092
matrix 49 3 4 5 0.020999908447266
matrix 49 3 4 5 0.022000074386597
matrix 49 3 4 5 0.029000043869019
matrix 49 3 4 5 0.036000013351440
matrix 49 3 4 5 0.021999835968018
matrix 49 3 4 5 0.017999887466431
matrix 49 3 4 5 0.010999917984009
matrix 49 3 4 5 0.017999887466431
matrix 49 3 4 5 0.032999992370605
matrix 49 3 4 5 0.019999980926514
matrix 49 3 4 5 0.017999887466431
matrix 49 3 4 5 0.013000011444092
matrix 49 3 4 5 0.014999866485596
matrix 49 3 4 5 0.030000209808350
matrix 49 3 4 5 0.031999826431274
matrix 49 3 4 5 0.026000022888184
matrix 49 3 4 5 0.023000001907349
matrix 49 3 4 5 0.028000116348267
matrix 49 3 4 5 0.025000095367432
matrix 49 3 4 5 0.016999959945679
matrix 49 3 4 5 0.014999866485596
matrix 49 3 4 5 0.023000001907349
matrix 49 3 4 5 0.016000032424927
matrix 49 3 4 5 0.022000074386597
matrix 49 3 4 5 0.008999824523926
matrix 49 3 4 5 0.018000125885010
matrix 49 3 4 5 0.008000135421753
matrix 49 3 4 5 0.021999835968018
matrix 49 3 4 5 0.025000095367432
matrix 49 3 4 5 0.030999898910522
matrix 49 3 4 5 0.016000032424927
matrix 49 3 4 5 0.026000022888184
matrix 50 3 4 5 0.013999938964844
matrix 50 3 4 5 0.007999897003174
matrix 50 3 4 5 0.022000074386597
matrix 50 3 4 5 0.010999917984009
matrix 50 3 4 5 0.032999992370605
matrix 50 3 4 5 0.010999917984009
matrix 50 3 4 5 0.020999908447266
matrix 50 3 4 5 0.005000114440918
matrix 50 3 4 5 0.010999917984009
matrix 50 3 4 5 0.010000228881836
matrix 50 3 4 5 0.021999835968018
matrix 50 3 4 5 0.011999845504761
matrix 50 3 4 5 0.016999959945679
matrix 50 3 4 5 0.044000148773193
matrix 50 3 4 5 0.023000001907349
matrix 50 3 4 5 0.030999898910522
matrix 50 3 4 5 0.029000043869019
matrix 50 3 4 5 0.025000095367432
matrix 50 3 4 5 0.039999961853027
matrix 50 3 4 5 0.022000074386597
matrix 50 3 4 5 0.006999969482422
matrix 50 3 4 5 0.020999908447266
matrix 50 3 4 5 0.026999950408936
matrix 50 3 4 5 0.012000083923340
matrix 50 3 4 5 0.021000146865845
matrix 50 3 4 5 0.018000125885010
matrix 50 3 4 5 0.022000074386597
matrix 50 3 4 5 0.029999971389771
matrix 50 3 4 5 0.023999929428101
matrix 50 3 4 5 0.025000095367432
matrix 50 3 4 5 0.023999929428101
matrix 50 3 4 5 0.019000053405762
matrix 50 3 4 5 0.023999929428101
matrix 50 3 4 5 0.026999950408936
matrix 50 3 4 5 0.024999856948853
matrix 50 3 4 5 0.018000125885010
matrix 50 3 4 5 0.013000011444092
matrix 50 3 4 5 0.026999950408936
matrix 50 3 4 5 0.006999969482422
matrix 50 3 4 5 0.023999929428101
matrix 50 3 4 5 0.027999877929688
matrix 50 3 4 5 0.016999959945679
matrix 50 3 4 5 0.025000095367432
matrix 50 3 4 5 0.006000041961670
matrix 50 3 4 5 0.009999990463257
matrix 50 3 4 5 0.032000064849854
matrix 50 3 4 5 0.009999990463257
matrix 50 3 4 5 0.040999889373779
matrix 50 3 4 5 0.036999940872192
matrix 50 3 4 5 0.059999942779541
